0.0) 0.0
0.01) -0.01875
0.02) -0.0375
0.03) -0.05624
0.04) -0.07496
0.05) -0.09365
0.06) -0.11229
0.07) -0.13088
0.08) -0.1494
0.09) -0.16785
0.1) -0.18622
0.11) -0.20449
0.12) -0.22265
0.13) -0.2407
0.14) -0.25862
0.15) -0.27641
0.16) -0.29405
0.17) -0.31154
0.18) -0.32887
0.19) -0.34603
0.2) -0.363
0.21) -0.37979
0.22) -0.39638
0.23) -0.41276
0.24) -0.42893
0.25) -0.44488
0.26) -0.46061
0.27) -0.4761
0.28) -0.49135
0.29) -0.50636
0.3) -0.52112
0.31) -0.53562
0.32) -0.54986
0.33) -0.56383
0.34) -0.57753
0.3503) -0.59095
0.36) -0.60409
0.37) -0.61695
0.38) -0.62952
0.39) -0.6418
0.4) -0.65378
0.4103) -0.66547
0.42) -0.67686
0.43) -0.68795
0.44) -0.69874
0.45) -0.70923
0.46) -0.71942
0.4703) -0.72931
0.48) -0.73889
0.49) -0.74817
0.5) -0.75715
0.51) -0.76582
0.52) -0.77419
0.53) -0.78226
0.54) -0.79003
0.55) -0.79751
0.56) -0.80469
0.571) -0.81158
0.58) -0.81817
0.59) -0.82447
0.6) -0.83049
0.61) -0.83622
0.62) -0.84167
0.63) -0.84684
0.64) -0.85174
0.65) -0.85637
0.66) -0.86073
0.67) -0.86482
0.68) -0.86865
0.691) -0.87223
0.701) -0.87555
0.71) -0.87863
0.72) -0.88146
0.73) -0.88405
0.74) -0.88641
0.75) -0.88854
0.76) -0.89044
0.77) -0.89212
0.78) -0.89358
0.79) -0.89483
0.8) -0.89587
0.81) -0.89671
0.821) -0.89735
0.831) -0.89779
0.84) -0.89805
0.85) -0.89812
0.86) -0.89801
0.87) -0.89773
0.88) -0.89728
0.89) -0.89666
0.9) -0.89588
0.91) -0.89495
0.92) -0.89387
0.93) -0.89264
0.941) -0.89127
0.951) -0.88976
0.96) -0.88812
0.97) -0.88636
0.98) -0.88447
0.99) -0.88246
1.0) -0.88034
1.01) -0.87811
1.02) -0.87577
1.03) -0.87333
1.04) -0.8708
1.05) -0.86817
1.06) -0.86545
1.07) -0.86265
1.08) -0.85977
1.09) -0.85681
1.1) -0.85378
1.11) -0.85068
1.12) -0.84751
1.131) -0.84428
1.141) -0.84099
1.151) -0.83764
1.16) -0.83424
1.17) -0.83079
1.18) -0.82729
1.19) -0.82375
1.2) -0.82017
1.21) -0.81655
1.22) -0.8129
1.23) -0.80922
1.24) -0.80551
1.25) -0.80178
1.26) -0.79802
1.27) -0.79424
1.28) -0.79045
1.29) -0.78664
1.3) -0.78282
1.31) -0.77899
1.32) -0.77515
1.33) -0.77131
1.34) -0.76746
1.35) -0.76361
1.36) -0.75976
1.37) -0.75591
1.381) -0.75207
1.391) -0.74824
1.401) -0.74441
1.41) -0.74059
1.42) -0.73679
1.43) -0.733
1.44) -0.72922
1.45) -0.72546
1.46) -0.72172
1.47) -0.718
1.48) -0.7143
1.49) -0.71062
1.5) -0.70697
1.51) -0.70334
1.52) -0.69974
1.53) -0.69617
1.54) -0.69263
1.55) -0.68912
1.56) -0.68564
1.57) -0.68219
1.58) -0.67877
1.59) -0.67539
1.6) -0.67204
1.61) -0.66873
1.62) -0.66545
1.631) -0.66221
1.641) -0.65901
1.651) -0.65585
1.661) -0.65273
1.67) -0.64965
1.68) -0.64661
1.69) -0.64361
1.7) -0.64066
1.71) -0.63775
1.72) -0.63488
1.73) -0.63206
1.74) -0.62928
1.75) -0.62655
1.76) -0.62387
1.77) -0.62123
1.78) -0.61864
1.79) -0.6161
1.8) -0.61361
1.81) -0.61117
1.82) -0.60877
1.83) -0.60642
1.84) -0.60412
1.85) -0.60187
1.86) -0.59967
1.87) -0.59752
1.881) -0.59543
1.891) -0.59339
1.901) -0.5914
1.911) -0.58946
1.92) -0.58757
1.93) -0.58573
1.94) -0.58395
1.95) -0.58222
1.96) -0.58054
1.97) -0.57892
1.98) -0.57735
1.99) -0.57583
2.0) -0.57437
2.012) -0.57296
2.02) -0.5716
2.032) -0.5703
2.04) -0.56905
2.05) -0.56786
2.06) -0.56672
2.07) -0.56564
2.08) -0.56461
2.09) -0.56364
2.1) -0.56272
2.11) -0.56186
2.12) -0.56105
2.13) -0.5603
2.14) -0.5596
2.15) -0.55896
2.16) -0.55837
2.17) -0.55784
2.18) -0.55736
2.19) -0.55694
2.2) -0.55657
2.21) -0.55626
2.22) -0.556
2.23) -0.5558
2.24) -0.55566
2.25) -0.55557
2.262) -0.55554
2.27) -0.55556
2.282) -0.55564
2.29) -0.55577
2.303) -0.55596
2.31) -0.55621
2.32) -0.55651
2.33) -0.55687
2.34) -0.55728
2.35) -0.55775
2.36) -0.55827
2.37) -0.55885
2.38) -0.55948
2.39) -0.56017
2.4) -0.56091
2.41) -0.56171
2.42) -0.56256
2.43) -0.56347
2.44) -0.56443
2.45) -0.56545
2.46) -0.56652
2.47) -0.56765
2.48) -0.56883
2.49) -0.57006
2.5) -0.57135
2.512) -0.57269
2.52) -0.57409
2.532) -0.57554
2.54) -0.57704
2.553) -0.5786
2.56) -0.58021
2.57) -0.58187
2.58) -0.58359
2.59) -0.58536
2.6) -0.58718
2.61) -0.58905
2.62) -0.59097
2.63) -0.59295
2.64) -0.59498
2.65) -0.59706
2.66) -0.59919
2.67) -0.60137
2.68) -0.6036
2.69) -0.60588
2.7) -0.60821
2.71) -0.61059
2.72) -0.61302
2.73) -0.6155
2.74) -0.61802
2.75) -0.62059
2.762) -0.62321
2.77) -0.62587
2.782) -0.62858
2.79) -0.63134
2.803) -0.63414
2.81) -0.63699
2.82) -0.63988
2.83) -0.64281
2.84) -0.64579
2.85) -0.64881
2.86) -0.65187
2.87) -0.65497
2.88) -0.65811
2.89) -0.66129
2.9) -0.66451
2.91) -0.66777
2.92) -0.67106
2.93) -0.67439
2.94) -0.67776
2.95) -0.68116
2.96) -0.68459
2.97) -0.68806
2.98) -0.69156
2.99) -0.69509
3.0) -0.69865
3.012) -0.70223
3.02) -0.70584
3.032) -0.70948
3.04) -0.71314
3.053) -0.71682
3.06) -0.72053
3.073) -0.72426
3.08) -0.72801
3.09) -0.73177
3.1) -0.73555
3.11) -0.73934
3.12) -0.74315
3.13) -0.74697
3.14) -0.7508
3.15) -0.75464
3.16) -0.75848
3.17) -0.76233
3.18) -0.76618
3.19) -0.77003
3.2) -0.77388
3.21) -0.77772
3.22) -0.78156
3.23) -0.78539
3.24) -0.78921
3.25) -0.79302
3.262) -0.79681
3.27) -0.80058
3.282) -0.80433
3.29) -0.80806
3.303) -0.81176
3.31) -0.81544
3.323) -0.81908
3.33) -0.82269
3.34) -0.82626
3.35) -0.82979
3.36) -0.83328
3.37) -0.83672
3.38) -0.84012
3.39) -0.84346
3.4) -0.84675
3.41) -0.84998
3.42) -0.85314
3.43) -0.85624
3.44) -0.85927
3.45) -0.86223
3.46) -0.86511
3.47) -0.86791
3.48) -0.87062
3.49) -0.87324
3.5) -0.87577
3.512) -0.8782
3.52) -0.88053
3.532) -0.88276
3.54) -0.88488
3.553) -0.88688
3.56) -0.88876
3.573) -0.89052
3.58) -0.89215
3.59) -0.89365
3.6) -0.89501
3.61) -0.89623
3.62) -0.89731
3.63) -0.89823
3.64) -0.899
3.65) -0.89961
3.66) -0.90005
3.67) -0.90032
3.68) -0.90042
3.69) -0.90034
3.7) -0.90007
3.71) -0.89961
3.72) -0.89896
3.73) -0.89811
3.74) -0.89706
3.75) -0.8958
3.762) -0.89432
3.77) -0.89262
3.782) -0.8907
3.79) -0.88855
3.803) -0.88617
3.81) -0.88355
3.823) -0.88069
3.83) -0.87758
3.84) -0.87422
3.85) -0.8706
3.86) -0.86672
3.87) -0.86258
3.88) -0.85817
3.89) -0.85349
3.9) -0.84853
3.91) -0.84329
3.92) -0.83777
3.93) -0.83196
3.94) -0.82586
3.95) -0.81947
3.96) -0.81278
3.97) -0.80579
3.98) -0.7985
3.99) -0.79091
4.0) -0.78301
4.01) -0.7748
4.025) -0.76628
4.03) -0.75745
4.04) -0.74831
4.05) -0.73886
4.065) -0.72909
4.07) -0.71901
4.08) -0.70862
4.09) -0.69791
4.1) -0.68689
4.11) -0.67556
4.12) -0.66391
4.13) -0.65195
4.14) -0.63968
4.15) -0.62711
4.16) -0.61423
4.17) -0.60105
4.18) -0.58757
4.19) -0.5738
4.2) -0.55974
4.21) -0.54539
4.22) -0.53076
4.23) -0.51585
4.24) -0.50066
4.25) -0.48521
4.26) -0.46949
4.275) -0.45352
4.28) -0.4373
4.29) -0.42083
4.3) -0.40413
4.315) -0.3872
4.32) -0.37005
4.33) -0.35268
4.34) -0.33511
4.355) -0.31734
4.36) -0.29938
4.37) -0.28124
4.38) -0.26294
4.39) -0.24448
4.4) -0.22586
4.41) -0.2071
4.42) -0.18821
4.43) -0.1692
4.44) -0.15009
4.45) -0.13088
4.46) -0.11158
4.47) -0.0922
4.48) -0.07276
4.49) -0.05326
4.5) -0.03372
4.51) -0.01415
4.525) 0.00544
4.53) 0.02504
4.54) 0.04464
4.55) 0.06422
4.565) 0.08377
4.57) 0.10329
4.58) 0.12276
4.59) 0.14217
4.605) 0.1615
4.61) 0.18075
4.62) 0.19991
4.63) 0.21896
4.64) 0.2379
4.65) 0.25671
4.66) 0.27538
4.67) 0.29391
4.68) 0.31228
4.69) 0.33048
4.7) 0.34851
4.71) 0.36635
4.72) 0.384
4.73) 0.40144
4.74) 0.41867
4.75) 0.43568
4.76) 0.45246
4.775) 0.46901
4.78) 0.48531
4.79) 0.50136
4.8) 0.51715
4.815) 0.53268
4.82) 0.54794
4.83) 0.56293
4.84) 0.57764
4.855) 0.59206
4.86) 0.60619
4.87) 0.62003
4.88) 0.63357
4.89) 0.64681
4.9) 0.65974
4.91) 0.67236
4.92) 0.68467
4.93) 0.69667
4.94) 0.70835
4.95) 0.71972
4.96) 0.73077
4.97) 0.7415
4.98) 0.75191
4.99) 0.762
5.0) 0.77177
5.01) 0.78122
5.025) 0.79035
5.03) 0.79916
5.04) 0.80766
5.05) 0.81584
5.065) 0.82371
5.07) 0.83127
5.08) 0.83852
5.09) 0.84546
5.105) 0.85209
5.11) 0.85842
5.12) 0.86445
5.13) 0.87019
5.14) 0.87563
5.15) 0.88078
5.16) 0.88565
5.17) 0.89024
5.18) 0.89455
5.19) 0.89859
5.2) 0.90236
5.21) 0.90586
5.22) 0.9091
5.23) 0.91208
5.24) 0.91481
5.25) 0.9173
5.26) 0.91954
5.275) 0.92155
5.28) 0.92333
5.29) 0.92488
5.3) 0.92621
5.315) 0.92732
5.32) 0.92822
5.33) 0.92891
5.34) 0.9294
5.355) 0.92969
5.36) 0.92979
5.37) 0.92971
5.38) 0.92944
5.39) 0.929
5.4) 0.92839
5.41) 0.92761
5.42) 0.92667
5.43) 0.92558
5.44) 0.92434
5.45) 0.92295
5.46) 0.92142
5.47) 0.91975
5.48) 0.91795
5.49) 0.91603
5.5) 0.91398
5.51) 0.91182
5.525) 0.90955
5.53) 0.90717
5.54) 0.90468
5.55) 0.9021
5.565) 0.89942
5.57) 0.89665
5.58) 0.8938
5.59) 0.89086
5.605) 0.88785
5.61) 0.88476
5.62) 0.8816
5.63) 0.87838
5.64) 0.87509
5.65) 0.87175
5.66) 0.86835
5.67) 0.8649
5.68) 0.8614
5.69) 0.85786
5.7) 0.85428
5.71) 0.85066
5.72) 0.847
5.73) 0.84331
5.74) 0.83959
5.75) 0.83585
5.76) 0.83209
5.775) 0.82831
5.78) 0.82451
5.79) 0.8207
5.8) 0.81687
5.815) 0.81303
5.82) 0.80919
5.83) 0.80534
5.84) 0.80149
5.855) 0.79764
5.86) 0.79379
5.87) 0.78995
5.88) 0.78612
5.89) 0.78229
5.9) 0.77847
5.91) 0.77467
5.92) 0.77088
5.93) 0.76711
5.94) 0.76336
5.95) 0.75963
5.96) 0.75592
5.97) 0.75223
5.98) 0.74856
5.99) 0.74492
6.0) 0.74131
6.01) 0.73773
6.025) 0.73418
6.03) 0.73066
6.04) 0.72717
6.05) 0.72371
6.065) 0.72029
6.07) 0.71691
6.08) 0.71356
6.09) 0.71025
6.105) 0.70698
6.11) 0.70375
6.12) 0.70056
6.13) 0.69741
6.14) 0.69431
6.15) 0.69125
6.16) 0.68824
6.17) 0.68527
6.18) 0.68235
6.19) 0.67947
6.2) 0.67664
6.21) 0.67386
6.22) 0.67113
6.23) 0.66845
6.24) 0.66582
6.25) 0.66324
6.26) 0.66071
6.275) 0.65823
6.28) 0.6558
6.29) 0.65343
6.3) 0.65111
6.315) 0.64884
6.32) 0.64663
6.33) 0.64447
6.34) 0.64237
6.355) 0.64032
6.36) 0.63833
6.37) 0.6364
6.38) 0.63452
6.39) 0.6327
6.4) 0.63093
6.41) 0.62922
6.42) 0.62757
6.43) 0.62598
6.44) 0.62444
6.45) 0.62296
6.46) 0.62154
6.47) 0.62018
6.48) 0.61888
6.49) 0.61764
6.5) 0.61646
6.51) 0.61534
6.525) 0.61428
6.53) 0.61327
6.54) 0.61232
6.55) 0.61143
6.565) 0.6106
6.57) 0.60983
6.58) 0.60912
6.59) 0.60847
6.605) 0.60788
6.61) 0.60735
6.62) 0.60688
6.63) 0.60648
6.64) 0.60614
6.65) 0.60586
6.66) 0.60564
6.67) 0.60548
6.68) 0.60538
6.69) 0.60534
6.7) 0.60536
6.71) 0.60544
6.72) 0.60558
6.73) 0.60578
6.74) 0.60604
6.75) 0.60636
6.76) 0.60674
6.775) 0.60718
6.78) 0.60768
6.79) 0.60824
6.8) 0.60886
6.815) 0.60954
6.82) 0.61028
6.83) 0.61108
6.84) 0.61194
6.855) 0.61286
6.86) 0.61384
6.87) 0.61488
6.88) 0.61598
6.89) 0.61714
6.9) 0.61836
6.91) 0.61964
6.92) 0.62097
6.93) 0.62236
6.94) 0.62381
6.95) 0.62532
6.96) 0.62689
6.97) 0.62851
6.98) 0.63019
6.99) 0.63193
7.0) 0.63373
7.01) 0.63558
7.025) 0.63749
7.03) 0.63945
7.04) 0.64147
7.05) 0.64354
7.065) 0.64567
7.07) 0.64785
7.08) 0.65009
7.09) 0.65238
7.105) 0.65472
7.11) 0.65712
7.12) 0.65957
7.13) 0.66207
7.14) 0.66462
7.15) 0.66722
7.16) 0.66987
7.17) 0.67257
7.18) 0.67532
7.19) 0.67812
7.2) 0.68097
7.21) 0.68386
7.22) 0.6868
7.23) 0.68979
7.24) 0.69282
7.25) 0.6959
7.26) 0.69902
7.275) 0.70218
7.28) 0.70538
7.29) 0.70862
7.3) 0.7119
7.315) 0.71522
7.32) 0.71858
7.33) 0.72198
7.34) 0.72541
7.355) 0.72888
7.36) 0.73238
7.37) 0.73591
7.38) 0.73947
7.39) 0.74306
7.4) 0.74668
7.41) 0.75033
7.42) 0.754
7.43) 0.7577
7.44) 0.76142
7.45) 0.76516
7.46) 0.76892
7.47) 0.7727
7.48) 0.77649
7.49) 0.78029
7.5) 0.78411
7.51) 0.78794
7.525) 0.79178
7.53) 0.79562
7.54) 0.79947
7.55) 0.80332
7.565) 0.80717
7.57) 0.81102
7.58) 0.81486
7.59) 0.8187
7.605) 0.82253
7.61) 0.82634
7.62) 0.83014
7.63) 0.83392
7.64) 0.83768
7.65) 0.84142
7.66) 0.84513
7.67) 0.84882
7.68) 0.85247
7.69) 0.85609
7.7) 0.85967
7.71) 0.86321
7.72) 0.86671
7.73) 0.87016
7.74) 0.87356
7.75) 0.87691
7.76) 0.8802
7.775) 0.88343
7.78) 0.88659
7.79) 0.88968
7.8) 0.8927
7.815) 0.89564
7.82) 0.8985
7.83) 0.90127
7.84) 0.90395
7.855) 0.90654
7.86) 0.90903
7.87) 0.91142
7.88) 0.9137
7.89) 0.91587
7.9) 0.91793
7.91) 0.91986
7.92) 0.92167
7.93) 0.92335
7.94) 0.92489
7.95) 0.92629
7.96) 0.92755
7.97) 0.92866
7.98) 0.92961
7.99) 0.9304
8.0) 0.93103
8.01) 0.93149
8.02) 0.93177
8.03) 0.93187
8.04) 0.93178
8.05) 0.9315
8.06) 0.93103
8.07) 0.93035
8.08) 0.92947
8.09) 0.92837
8.1) 0.92706
8.11) 0.92552
8.12) 0.92376
8.13) 0.92176
8.14) 0.91952
8.15) 0.91704
8.16) 0.91431
8.17) 0.91133
8.18) 0.90809
8.19) 0.90459
8.2) 0.90082
8.21) 0.89678
8.22) 0.89246
8.23) 0.88786
8.24) 0.88297
8.25) 0.87779
8.26) 0.87232
8.27) 0.86655
8.28) 0.86048
8.29) 0.8541
8.3) 0.84742
8.31) 0.84042
8.32) 0.83311
8.33) 0.82548
8.34) 0.81753
8.35) 0.80926
8.36) 0.80067
8.37) 0.79175
8.38) 0.7825
8.39) 0.77292
8.4) 0.76301
8.41) 0.75277
8.42) 0.7422
8.43) 0.7313
8.44) 0.72007
8.45) 0.70851
8.46) 0.69662
8.47) 0.6844
8.48) 0.67185
8.49) 0.65898
8.5) 0.64578
8.51) 0.63226
8.52) 0.61843
8.53) 0.60428
8.54) 0.58982
8.55) 0.57505
8.56) 0.55998
8.57) 0.54461
8.58) 0.52895
8.59) 0.513
8.6) 0.49677
8.61) 0.48027
8.62) 0.4635
8.63) 0.44646
8.64) 0.42917
8.65) 0.41163
8.66) 0.39385
8.67) 0.37584
8.68) 0.35761
8.69) 0.33917
8.71) 0.32052
8.71) 0.30168
8.72) 0.28265
8.73) 0.26345
8.74) 0.24408
8.75) 0.22456
8.76) 0.20489
8.77) 0.18509
8.78) 0.16517
8.79) 0.14514
8.8) 0.12501
8.81) 0.10479
8.82) 0.0845
8.83) 0.06415
8.84) 0.04374
8.85) 0.0233
8.86) 0.00283
8.87) -0.01765
8.88) -0.03814
8.89) -0.05861
8.9) -0.07906
8.91) -0.09948
8.92) -0.11985
8.93) -0.14016
8.94) -0.1604
8.95) -0.18055
8.96) -0.20061
8.97) -0.22056
8.98) -0.24039
8.99) -0.26009
9.0) -0.27965
9.01) -0.29906
9.02) -0.3183
9.03) -0.33737
9.04) -0.35626
9.05) -0.37495
9.06) -0.39344
9.07) -0.41172
9.08) -0.42977
9.09) -0.44759
9.1) -0.46517
9.11) -0.4825
9.12) -0.49958
9.13) -0.51639
9.14) -0.53293
9.15) -0.5492
9.16) -0.56518
9.17) -0.58087
9.18) -0.59627
9.19) -0.61136
9.21) -0.62615
9.21) -0.64063
9.22) -0.65479
9.23) -0.66863
9.24) -0.68215
9.25) -0.69535
9.26) -0.70822
9.27) -0.72076
9.28) -0.73297
9.29) -0.74484
9.3) -0.75638
9.31) -0.76758
9.32) -0.77844
9.33) -0.78896
9.34) -0.79915
9.35) -0.809
9.36) -0.81852
9.37) -0.8277
9.38) -0.83655
9.39) -0.84506
9.4) -0.85324
9.41) -0.86109
9.42) -0.86862
9.43) -0.87583
9.44) -0.88272
9.45) -0.88929
9.46) -0.89554
9.47) -0.90148
9.48) -0.90712
9.49) -0.91245
9.5) -0.91748
9.51) -0.92222
9.52) -0.92667
9.53) -0.93083
9.54) -0.93471
9.55) -0.93831
9.56) -0.94164
9.57) -0.9447
9.58) -0.9475
9.59) -0.95004
9.6) -0.95233
9.61) -0.95438
9.62) -0.95619
9.63) -0.95776
9.64) -0.9591
9.65) -0.96021
9.66) -0.9611
9.67) -0.96178
9.68) -0.96225
9.69) -0.96252
9.71) -0.96259
9.71) -0.96247
9.72) -0.96216
9.73) -0.96167
9.74) -0.96101
9.75) -0.96018
9.76) -0.95918
9.77) -0.95802
9.78) -0.95671
9.79) -0.95525
9.8) -0.95365
9.81) -0.95191
9.82) -0.95004
9.83) -0.94804
9.84) -0.94592
9.85) -0.94368
9.86) -0.94133
9.87) -0.93887
9.88) -0.93631
9.89) -0.93365
9.9) -0.93089
9.91) -0.92804
9.92) -0.92511
9.93) -0.9221
9.94) -0.91901
9.95) -0.91585
9.96) -0.91262
9.97) -0.90933
9.98) -0.90598
9.99) -0.90257
10.0) -0.89911
10.01) -0.8956
10.02) -0.89204
10.03) -0.88844
10.04) -0.8848
10.05) -0.88113
10.06) -0.87743
10.07) -0.8737
10.08) -0.86995
10.09) -0.86617
10.1) -0.86237
10.11) -0.85856
10.12) -0.85474
10.13) -0.85091
10.14) -0.84707
10.15) -0.84322
10.16) -0.83937
10.17) -0.83552
10.18) -0.83167
10.19) -0.82783
10.21) -0.824
10.21) -0.82018
10.22) -0.81637
10.23) -0.81257
10.24) -0.80879
10.25) -0.80502
10.26) -0.80127
10.27) -0.79755
10.28) -0.79385
10.29) -0.79017
10.3) -0.78652
10.31) -0.7829
10.32) -0.77931
10.33) -0.77575
10.34) -0.77222
10.35) -0.76873
10.36) -0.76527
10.37) -0.76185
10.38) -0.75847
10.39) -0.75513
10.4) -0.75183
10.41) -0.74857
10.42) -0.74535
10.43) -0.74218
10.44) -0.73905
10.45) -0.73597
10.46) -0.73294
10.47) -0.72996
10.48) -0.72702
10.49) -0.72413
10.5) -0.72129
10.51) -0.71851
10.52) -0.71578
10.53) -0.7131
10.54) -0.71047
10.55) -0.7079
10.56) -0.70538
10.57) -0.70292
10.58) -0.70052
10.59) -0.69817
10.6) -0.69588
10.61) -0.69365
10.62) -0.69148
10.63) -0.68936
10.64) -0.6873
10.65) -0.6853
10.66) -0.68336
10.67) -0.68148
10.68) -0.67966
10.69) -0.6779
10.71) -0.67621
10.71) -0.67458
10.72) -0.67301
10.73) -0.6715
10.74) -0.67006
10.75) -0.66868
10.76) -0.66736
10.77) -0.66611
10.78) -0.66492
10.79) -0.66379
10.8) -0.66273
10.81) -0.66173
10.82) -0.6608
10.83) -0.65993
10.84) -0.65912
10.85) -0.65838
10.86) -0.6577
10.87) -0.65709
10.88) -0.65654
10.89) -0.65606
10.9) -0.65564
10.91) -0.65529
10.92) -0.65501
10.93) -0.65479
10.94) -0.65464
10.95) -0.65455
10.96) -0.65453
10.97) -0.65457
10.98) -0.65468
10.99) -0.65485
11.0) -0.65509
11.01) -0.65539
11.02) -0.65576
11.03) -0.65619
11.04) -0.65669
11.05) -0.65726
11.06) -0.65789
11.07) -0.65858
11.08) -0.65934
11.09) -0.66016
11.1) -0.66105
11.11) -0.662
11.12) -0.66302
11.13) -0.6641
11.14) -0.66524
11.15) -0.66645
11.16) -0.66772
11.17) -0.66905
11.18) -0.67045
11.19) -0.67191
11.21) -0.67343
11.21) -0.67501
11.22) -0.67666
11.23) -0.67837
11.24) -0.68014
11.25) -0.68197
11.26) -0.68386
11.27) -0.68581
11.28) -0.68782
11.29) -0.68989
11.3) -0.69202
11.31) -0.69421
11.32) -0.69645
11.33) -0.69875
11.34) -0.70111
11.35) -0.70352
11.36) -0.70599
11.37) -0.70851
11.38) -0.71109
11.39) -0.71372
11.4) -0.71641
11.41) -0.71915
11.42) -0.72194
11.43) -0.72478
11.44) -0.72767
11.45) -0.73061
11.46) -0.7336
11.47) -0.73664
11.48) -0.73972
11.49) -0.74285
11.5) -0.74602
11.51) -0.74924
11.52) -0.7525
11.53) -0.7558
11.54) -0.75914
11.55) -0.76252
11.56) -0.76594
11.57) -0.7694
11.58) -0.77289
11.59) -0.77642
11.6) -0.77998
11.61) -0.78357
11.62) -0.78719
11.63) -0.79084
11.64) -0.79451
11.65) -0.79821
11.66) -0.80193
11.67) -0.80567
11.68) -0.80943
11.69) -0.81321
11.71) -0.81701
11.71) -0.82082
11.72) -0.82464
11.73) -0.82847
11.74) -0.83231
11.75) -0.83616
11.76) -0.84001
11.77) -0.84386
11.78) -0.84771
11.79) -0.85155
11.8) -0.85539
11.81) -0.85922
11.82) -0.86303
11.83) -0.86683
11.84) -0.87061
11.85) -0.87437
11.86) -0.87811
11.87) -0.88182
11.88) -0.8855
11.89) -0.88914
11.9) -0.89275
11.91) -0.89632
11.92) -0.89984
11.93) -0.90332
11.94) -0.90675
11.95) -0.91012
11.96) -0.91343
11.97) -0.91668
11.98) -0.91986
11.99) -0.92297
12.0) -0.92601
12.01) -0.92897
12.02) -0.93184
12.03) -0.93463
12.04) -0.93732
12.05) -0.93992
12.06) -0.94242
12.07) -0.94481
12.08) -0.94709
12.09) -0.94925
12.1) -0.95129
12.11) -0.95321
12.12) -0.955
12.13) -0.95665
12.14) -0.95816
12.15) -0.95952
12.16) -0.96073
12.17) -0.96178
12.18) -0.96267
12.19) -0.96339
12.21) -0.96394
12.21) -0.96431
12.22) -0.96449
12.23) -0.96448
12.24) -0.96428
12.25) -0.96388
12.26) -0.96327
12.27) -0.96245
12.28) -0.96141
12.29) -0.96015
12.3) -0.95866
12.31) -0.95693
12.32) -0.95496
12.33) -0.95274
12.34) -0.95027
12.35) -0.94754
12.36) -0.94455
12.37) -0.94129
12.38) -0.93776
12.39) -0.93395
12.4) -0.92986
12.41) -0.92548
12.42) -0.92081
12.43) -0.91584
12.44) -0.91056
12.45) -0.90498
12.46) -0.89909
12.47) -0.89288
12.48) -0.88635
12.49) -0.8795
12.5) -0.87232
12.51) -0.86481
12.52) -0.85697
12.53) -0.84879
12.54) -0.84028
12.55) -0.83142
12.56) -0.82222
12.57) -0.81268
12.58) -0.80279
12.59) -0.79255
12.6) -0.78196
12.61) -0.77103
12.62) -0.75975
12.63) -0.74812
12.64) -0.73614
12.65) -0.72381
12.66) -0.71113
12.67) -0.69811
12.68) -0.68474
12.69) -0.67103
12.71) -0.65698
12.71) -0.64259
12.72) -0.62787
12.73) -0.61282
12.74) -0.59745
12.75) -0.58176
12.76) -0.56575
12.77) -0.54943
12.78) -0.5328
12.79) -0.51588
12.8) -0.49866
12.81) -0.48116
12.82) -0.46338
12.83) -0.44533
12.84) -0.42702
12.85) -0.40845
12.86) -0.38964
12.87) -0.37059
12.88) -0.35132
12.89) -0.33183
12.9) -0.31213
12.91) -0.29224
12.92) -0.27216
12.93) -0.25191
12.94) -0.23149
12.95) -0.21092
12.96) -0.19021
12.97) -0.16938
12.98) -0.14843
12.99) -0.12738
13.0) -0.10624
13.01) -0.08502
13.02) -0.06373
13.03) -0.04239
13.04) -0.02101
13.05) 3.9E-4
13.06) 0.02181
13.07) 0.04323
13.08) 0.06463
13.09) 0.08601
13.1) 0.10735
13.11) 0.12863
13.12) 0.14985
13.13) 0.17099
13.14) 0.19204
13.15) 0.21298
13.16) 0.23381
13.17) 0.25451
13.18) 0.27507
13.19) 0.29547
13.21) 0.31571
13.21) 0.33577
13.22) 0.35564
13.23) 0.37532
13.24) 0.39479
13.25) 0.41404
13.26) 0.43306
13.27) 0.45184
13.28) 0.47037
13.29) 0.48864
13.3) 0.50665
13.31) 0.52438
13.32) 0.54183
13.33) 0.55899
13.34) 0.57585
13.35) 0.59241
13.36) 0.60866
13.37) 0.6246
13.38) 0.64022
13.39) 0.65551
13.4) 0.67047
13.41) 0.68509
13.42) 0.69937
13.43) 0.71331
13.44) 0.72691
13.45) 0.74016
13.46) 0.75306
13.47) 0.76561
13.48) 0.7778
13.49) 0.78964
13.5) 0.80112
13.51) 0.81225
13.52) 0.82302
13.53) 0.83344
13.54) 0.8435
13.55) 0.85321
13.56) 0.86257
13.57) 0.87158
13.58) 0.88024
13.59) 0.88855
13.6) 0.89652
13.61) 0.90415
13.62) 0.91144
13.63) 0.91839
13.64) 0.92501
13.65) 0.9313
13.66) 0.93727
13.67) 0.94292
13.68) 0.94825
13.69) 0.95327
13.71) 0.95799
13.71) 0.96241
13.72) 0.96653
13.73) 0.97036
13.74) 0.9739
13.75) 0.97716
13.76) 0.98014
13.77) 0.98285
13.78) 0.9853
13.79) 0.98749
13.8) 0.98943
13.81) 0.99112
13.82) 0.99257
13.83) 0.99378
13.84) 0.99476
13.85) 0.99552
13.86) 0.99606
13.87) 0.99639
13.88) 0.99652
13.89) 0.99645
13.9) 0.99618
13.91) 0.99572
13.92) 0.99508
13.93) 0.99426
13.94) 0.99327
13.95) 0.99212
13.96) 0.99081
13.97) 0.98935
13.98) 0.98774
13.99) 0.98599
14.0) 0.9841
14.01) 0.98208
14.02) 0.97993
14.03) 0.97766
14.04) 0.97527
14.05) 0.97277
14.06) 0.97017
14.07) 0.96747
14.08) 0.96467
14.09) 0.96178
14.1) 0.9588
14.11) 0.95574
14.12) 0.95261
14.13) 0.9494
14.14) 0.94613
14.15) 0.94279
14.16) 0.93939
14.17) 0.93594
14.18) 0.93244
14.19) 0.92889
14.21) 0.9253
14.21) 0.92167
14.22) 0.918
14.23) 0.9143
14.24) 0.91057
14.25) 0.90681
14.26) 0.90303
14.27) 0.89923
14.28) 0.89542
14.29) 0.89159
14.3) 0.88775
14.31) 0.88391
14.32) 0.88006
14.33) 0.87621
14.34) 0.87236
14.35) 0.86852
14.36) 0.86468
14.37) 0.86085
14.38) 0.85703
14.39) 0.85323
14.4) 0.84944
14.41) 0.84567
14.42) 0.84192
14.43) 0.8382
14.44) 0.8345
14.45) 0.83083
14.46) 0.82718
14.47) 0.82356
14.48) 0.81998
14.49) 0.81643
14.5) 0.81291
14.51) 0.80943
14.52) 0.80599
14.53) 0.80259
14.54) 0.79923
14.55) 0.79591
14.56) 0.79264
14.57) 0.78941
14.58) 0.78623
14.59) 0.7831
14.6) 0.78001
14.61) 0.77697
14.62) 0.77399
14.63) 0.77106
14.64) 0.76818
14.65) 0.76535
14.66) 0.76258
14.67) 0.75986
14.68) 0.7572
14.69) 0.7546
14.71) 0.75206
14.71) 0.74957
14.72) 0.74714
14.73) 0.74477
14.74) 0.74247
14.75) 0.74023
14.76) 0.73805
14.77) 0.73593
14.78) 0.73387
14.79) 0.73188
14.8) 0.72995
14.81) 0.72809
14.82) 0.72629
14.83) 0.72456
14.84) 0.72289
14.85) 0.72129
14.86) 0.71976
14.87) 0.71829
14.88) 0.71689
14.89) 0.71556
14.9) 0.7143
14.91) 0.71311
14.92) 0.71198
14.93) 0.71092
14.94) 0.70993
14.95) 0.70901
14.96) 0.70816
14.97) 0.70738
14.98) 0.70667
14.99) 0.70603
15.0) 0.70546
15.01) 0.70496
15.02) 0.70453
15.03) 0.70417
15.04) 0.70388
15.05) 0.70366
15.06) 0.70351
15.07) 0.70343
15.08) 0.70342
15.09) 0.70348
15.1) 0.70361
15.11) 0.70381
15.12) 0.70408
15.13) 0.70442
15.14) 0.70483
15.15) 0.70531
15.16) 0.70586
15.17) 0.70648
15.18) 0.70717
15.19) 0.70793
15.21) 0.70876
15.21) 0.70966
15.22) 0.71063
15.23) 0.71167
15.24) 0.71278
15.25) 0.71395
15.26) 0.71519
15.27) 0.7165
15.28) 0.71788
15.29) 0.71932
15.3) 0.72083
15.31) 0.72241
15.32) 0.72405
15.33) 0.72576
15.34) 0.72753
15.35) 0.72937
15.36) 0.73127
15.37) 0.73324
15.38) 0.73527
15.39) 0.73736
15.4) 0.73952
15.41) 0.74174
15.42) 0.74402
15.43) 0.74636
15.44) 0.74876
15.45) 0.75122
15.46) 0.75374
15.47) 0.75632
15.48) 0.75895
15.49) 0.76164
15.5) 0.76439
15.51) 0.76719
15.52) 0.77005
15.53) 0.77296
15.54) 0.77592
15.55) 0.77893
15.56) 0.78199
15.57) 0.7851
15.58) 0.78826
15.59) 0.79146
15.6) 0.79471
15.61) 0.798
15.62) 0.80134
15.63) 0.80472
15.64) 0.80814
15.65) 0.8116
15.66) 0.81509
15.67) 0.81862
15.68) 0.82218
15.69) 0.82578
15.71) 0.82941
15.71) 0.83307
15.72) 0.83675
15.73) 0.84046
15.74) 0.84419
15.75) 0.84795
15.76) 0.85172
15.77) 0.85551
15.78) 0.85932
15.79) 0.86314
15.8) 0.86697
15.81) 0.87081
15.82) 0.87465
15.83) 0.8785
15.84) 0.88235
15.85) 0.8862
15.86) 0.89004
15.87) 0.89387
15.88) 0.89769
15.89) 0.9015
15.9) 0.90529
15.91) 0.90906
15.92) 0.91281
15.93) 0.91654
15.94) 0.92024
15.95) 0.9239
15.96) 0.92753
15.97) 0.93112
15.98) 0.93466
15.99) 0.93815
16.0) 0.94159
16.01) 0.94498
16.02) 0.94831
16.03) 0.95157
16.04) 0.95476
16.05) 0.95788
16.06) 0.96092
16.07) 0.96388
16.08) 0.96676
16.09) 0.96954
16.1) 0.97223
16.11) 0.97482
16.12) 0.9773
16.13) 0.97967
16.14) 0.98192
16.15) 0.98405
16.16) 0.98606
16.17) 0.98793
16.18) 0.98967
16.19) 0.99126
16.2) 0.99271
16.21) 0.994
16.22) 0.99513
16.23) 0.9961
16.24) 0.9969
16.25) 0.99752
16.26) 0.99795
16.27) 0.9982
16.28) 0.99825
16.29) 0.9981
16.3) 0.99774
16.31) 0.99717
16.32) 0.99638
16.33) 0.99536
16.34) 0.99411
16.35) 0.99263
16.36) 0.9909
16.37) 0.98892
16.38) 0.98669
16.39) 0.9842
16.4) 0.98144
16.41) 0.97841
16.42) 0.9751
16.43) 0.9715
16.44) 0.96761
16.45) 0.96343
16.46) 0.95895
16.47) 0.95416
16.48) 0.94906
16.49) 0.94364
16.5) 0.9379
16.51) 0.93183
16.52) 0.92543
16.53) 0.9187
16.54) 0.91163
16.55) 0.90422
16.56) 0.89646
16.57) 0.88835
16.58) 0.87989
16.59) 0.87107
16.6) 0.86189
16.61) 0.85235
16.62) 0.84245
16.63) 0.83219
16.64) 0.82156
16.65) 0.81056
16.66) 0.79919
16.67) 0.78746
16.68) 0.77536
16.69) 0.76289
16.7) 0.75005
16.71) 0.73684
16.72) 0.72327
16.73) 0.70934
16.74) 0.69504
16.75) 0.68039
16.76) 0.66538
16.77) 0.65002
16.78) 0.63431
16.79) 0.61826
16.8) 0.60187
16.81) 0.58514
16.82) 0.56809
16.83) 0.55071
16.84) 0.53302
16.85) 0.51502
16.86) 0.49672
16.87) 0.47812
16.88) 0.45924
16.89) 0.44008
16.9) 0.42065
16.91) 0.40096
16.92) 0.38103
16.93) 0.36086
16.94) 0.34046
16.95) 0.31984
16.96) 0.29902
16.97) 0.278
16.98) 0.2568
16.99) 0.23543
17.0) 0.2139
17.01) 0.19222
17.02) 0.17041
17.03) 0.14848
17.04) 0.12644
17.05) 0.10431
17.06) 0.0821
17.07) 0.05983
17.08) 0.03751
17.09) 0.01515
17.1) -0.00724
17.11) -0.02964
17.12) -0.05203
17.13) -0.0744
17.14) -0.09674
17.15) -0.11903
17.16) -0.14126
17.17) -0.16342
17.18) -0.18549
17.19) -0.20746
17.2) -0.22931
17.21) -0.25103
17.22) -0.27261
17.23) -0.29404
17.24) -0.3153
17.25) -0.33638
17.26) -0.35727
17.27) -0.37795
17.28) -0.39842
17.29) -0.41866
17.3) -0.43866
17.31) -0.45841
17.32) -0.47791
17.33) -0.49714
17.34) -0.51609
17.35) -0.53475
17.36) -0.55312
17.37) -0.57119
17.38) -0.58895
17.39) -0.60639
17.42) -0.6235
17.41) -0.64028
17.42) -0.65673
17.43) -0.67283
17.44) -0.68858
17.45) -0.70398
17.46) -0.71902
17.47) -0.7337
17.48) -0.74802
17.49) -0.76197
17.5) -0.77555
17.51) -0.78876
17.52) -0.8016
17.53) -0.81407
17.54) -0.82616
17.55) -0.83788
17.56) -0.84922
17.57) -0.86018
17.58) -0.87077
17.59) -0.88099
17.6) -0.89084
17.61) -0.90032
17.62) -0.90943
17.63) -0.91817
17.64) -0.92655
17.65) -0.93457
17.66) -0.94223
17.67) -0.94954
17.68) -0.9565
17.69) -0.96311
17.7) -0.96938
17.71) -0.97532
17.72) -0.98092
17.73) -0.9862
17.74) -0.99116
17.75) -0.9958
17.76) -1.00013
17.77) -1.00415
17.78) -1.00787
17.79) -1.0113
17.8) -1.01444
17.81) -1.01729
17.82) -1.01987
17.83) -1.02218
17.84) -1.02422
17.85) -1.026
17.86) -1.02753
17.87) -1.02881
17.88) -1.02985
17.89) -1.03066
17.92) -1.03124
17.91) -1.0316
17.92) -1.03175
17.93) -1.03169
17.94) -1.03143
17.95) -1.03098
17.96) -1.03034
17.97) -1.02951
17.98) -1.02851
17.99) -1.02734
18.0) -1.026
18.01) -1.02451
18.02) -1.02286
18.03) -1.02107
18.04) -1.01914
18.05) -1.01707
18.06) -1.01487
18.07) -1.01255
18.08) -1.01011
18.09) -1.00756
18.1) -1.0049
18.11) -1.00214
18.12) -0.99929
18.13) -0.99635
18.14) -0.99332
18.15) -0.99021
18.16) -0.98702
18.17) -0.98376
18.18) -0.98043
18.19) -0.97704
18.2) -0.97359
18.21) -0.97009
18.22) -0.96654
18.23) -0.96294
18.24) -0.9593
18.25) -0.95563
18.26) -0.95192
18.27) -0.94818
18.28) -0.94442
18.29) -0.94063
18.3) -0.93683
18.31) -0.93301
18.32) -0.92918
18.33) -0.92534
18.34) -0.92149
18.35) -0.91764
18.36) -0.91379
18.37) -0.90994
18.38) -0.9061
18.39) -0.90227
18.42) -0.89845
18.41) -0.89465
18.42) -0.89086
18.43) -0.88709
18.44) -0.88334
18.45) -0.87962
18.46) -0.87592
18.47) -0.87225
18.48) -0.86861
18.49) -0.865
18.5) -0.86142
18.51) -0.85788
18.52) -0.85438
18.53) -0.85092
18.54) -0.8475
18.55) -0.84412
18.56) -0.84079
18.57) -0.8375
18.58) -0.83426
18.59) -0.83107
18.6) -0.82793
18.61) -0.82484
18.62) -0.8218
18.63) -0.81881
18.64) -0.81588
18.65) -0.813
18.66) -0.81018
18.67) -0.80742
18.68) -0.80472
18.69) -0.80208
18.7) -0.7995
18.71) -0.79698
18.72) -0.79452
18.73) -0.79213
18.74) -0.7898
18.75) -0.78754
18.76) -0.78534
18.77) -0.78321
18.78) -0.78115
18.79) -0.77915
18.8) -0.77722
18.81) -0.77536
18.82) -0.77357
18.83) -0.77185
18.84) -0.7702
18.85) -0.76862
18.86) -0.76711
18.87) -0.76568
18.88) -0.76432
18.89) -0.76303
18.92) -0.76181
18.91) -0.76067
18.92) -0.7596
18.93) -0.7586
18.94) -0.75768
18.95) -0.75683
18.96) -0.75605
18.97) -0.75535
18.98) -0.75472
18.99) -0.75417
19.0) -0.75369
19.01) -0.75329
19.02) -0.75296
19.03) -0.75271
19.04) -0.75253
19.05) -0.75243
19.06) -0.7524
19.07) -0.75245
19.08) -0.75257
19.09) -0.75277
19.1) -0.75304
19.11) -0.75339
19.12) -0.75381
19.13) -0.75431
19.14) -0.75488
19.15) -0.75553
19.16) -0.75625
19.17) -0.75705
19.18) -0.75792
19.19) -0.75887
19.2) -0.75989
19.21) -0.76098
19.22) -0.76215
19.23) -0.76339
19.24) -0.7647
19.25) -0.76608
19.26) -0.76753
19.27) -0.76906
19.28) -0.77066
19.29) -0.77233
19.3) -0.77407
19.31) -0.77588
19.32) -0.77775
19.33) -0.77969
19.34) -0.7817
19.35) -0.78378
19.36) -0.78592
19.37) -0.78813
19.38) -0.79041
19.39) -0.79275
19.42) -0.79515
19.41) -0.79762
19.42) -0.80015
19.43) -0.80274
19.44) -0.80539
19.45) -0.8081
19.46) -0.81087
19.47) -0.8137
19.48) -0.81658
19.49) -0.81952
19.5) -0.82251
19.51) -0.82556
19.52) -0.82866
19.53) -0.83181
19.54) -0.83501
19.55) -0.83826
19.56) -0.84155
19.57) -0.84489
19.58) -0.84827
19.59) -0.85169
19.6) -0.85516
19.61) -0.85866
19.62) -0.8622
19.63) -0.86578
19.64) -0.86939
19.65) -0.87303
19.66) -0.8767
19.67) -0.8804
19.68) -0.88412
19.69) -0.88787
19.7) -0.89164
19.71) -0.89543
19.72) -0.89923
19.73) -0.90305
19.74) -0.90688
19.75) -0.91072
19.76) -0.91456
19.77) -0.91841
19.78) -0.92226
19.79) -0.92611
19.8) -0.92995
19.81) -0.93378
19.82) -0.9376
19.83) -0.94141
19.84) -0.9452
19.85) -0.94897
19.86) -0.95271
19.87) -0.95642
19.88) -0.9601
19.89) -0.96374
19.92) -0.96734
19.91) -0.9709
19.92) -0.97441
19.93) -0.97787
19.94) -0.98127
19.95) -0.98461
19.96) -0.98788
19.97) -0.99108
19.98) -0.99421
19.99) -0.99726
20.0) -1.00022
