0.0) 0.14063
0.01) 0.1408
0.02) 0.14098
0.03) 0.14115
0.04) 0.14133
0.05) 0.14151
0.06) 0.14169
0.07) 0.14186
0.08) 0.14204
0.09) 0.14222
0.1) 0.1424
0.11) 0.14257
0.12) 0.14276
0.13) 0.14294
0.14) 0.14311
0.15) 0.14328
0.16) 0.14345
0.17) 0.14364
0.18) 0.14381
0.19) 0.14398
0.2) 0.14416
0.21) 0.14433
0.22) 0.14451
0.23) 0.14469
0.24) 0.14487
0.25) 0.14504
0.26) 0.14521
0.27) 0.14539
0.28) 0.14555
0.29) 0.14573
0.3) 0.14591
0.31) 0.14609
0.32) 0.14627
0.33) 0.14644
0.34) 0.14661
0.3503) 0.14678
0.36) 0.14694
0.37) 0.14711
0.38) 0.14728
0.39) 0.14745
0.4) 0.14761
0.4103) 0.14777
0.42) 0.14794
0.43) 0.1481
0.44) 0.14826
0.45) 0.14842
0.46) 0.14858
0.4703) 0.14874
0.48) 0.1489
0.49) 0.14906
0.5) 0.14921
0.51) 0.14937
0.52) 0.14951
0.53) 0.14966
0.54) 0.14981
0.55) 0.14995
0.56) 0.1501
0.571) 0.15024
0.58) 0.15038
0.59) 0.15051
0.6) 0.15064
0.61) 0.15078
0.62) 0.15092
0.63) 0.15105
0.64) 0.15117
0.65) 0.15129
0.66) 0.15142
0.67) 0.15154
0.68) 0.15166
0.691) 0.15177
0.701) 0.15189
0.71) 0.15199
0.72) 0.15211
0.73) 0.15221
0.74) 0.15232
0.75) 0.15242
0.76) 0.15253
0.77) 0.15263
0.78) 0.15272
0.79) 0.15282
0.8) 0.15291
0.81) 0.153
0.821) 0.15309
0.831) 0.15318
0.84) 0.15326
0.85) 0.15334
0.86) 0.15342
0.87) 0.15349
0.88) 0.15357
0.89) 0.15364
0.9) 0.15371
0.91) 0.15377
0.92) 0.15384
0.93) 0.1539
0.941) 0.15396
0.951) 0.15402
0.96) 0.15408
0.97) 0.15413
0.98) 0.15419
0.99) 0.15424
1.0) 0.15429
1.01) 0.15434
1.02) 0.15438
1.03) 0.15442
1.04) 0.15447
1.05) 0.15451
1.06) 0.15455
1.07) 0.15459
1.08) 0.15463
1.09) 0.15467
1.1) 0.1547
1.11) 0.15474
1.12) 0.15478
1.131) 0.15481
1.141) 0.15484
1.151) 0.15487
1.16) 0.1549
1.17) 0.15493
1.18) 0.15495
1.19) 0.15497
1.2) 0.15499
1.21) 0.15501
1.22) 0.15503
1.23) 0.15504
1.24) 0.15506
1.25) 0.15508
1.26) 0.1551
1.27) 0.15511
1.28) 0.15512
1.29) 0.15513
1.3) 0.15514
1.31) 0.15515
1.32) 0.15516
1.33) 0.15517
1.34) 0.15518
1.35) 0.15518
1.36) 0.15519
1.37) 0.15519
1.381) 0.1552
1.391) 0.1552
1.401) 0.15521
1.41) 0.15521
1.42) 0.15521
1.43) 0.15521
1.44) 0.15521
1.45) 0.15521
1.46) 0.15521
1.47) 0.15521
1.48) 0.15521
1.49) 0.1552
1.5) 0.1552
1.51) 0.1552
1.52) 0.1552
1.53) 0.15519
1.54) 0.15519
1.55) 0.15519
1.56) 0.15519
1.57) 0.15518
1.58) 0.15518
1.59) 0.15517
1.6) 0.15517
1.61) 0.15516
1.62) 0.15516
1.631) 0.15515
1.641) 0.15514
1.651) 0.15513
1.661) 0.15512
1.67) 0.15511
1.68) 0.1551
1.69) 0.15509
1.7) 0.15508
1.71) 0.15508
1.72) 0.15507
1.73) 0.15505
1.74) 0.15504
1.75) 0.15503
1.76) 0.15502
1.77) 0.15501
1.78) 0.155
1.79) 0.15498
1.8) 0.15497
1.81) 0.15496
1.82) 0.15496
1.83) 0.15494
1.84) 0.15493
1.85) 0.15491
1.86) 0.15489
1.87) 0.15488
1.881) 0.15486
1.891) 0.15485
1.901) 0.15484
1.911) 0.15483
1.92) 0.15481
1.93) 0.1548
1.94) 0.15478
1.95) 0.15477
1.96) 0.15476
1.97) 0.15474
1.98) 0.15473
1.99) 0.15472
2.0) 0.1547
2.012) 0.15469
2.02) 0.15467
2.032) 0.15465
2.04) 0.15464
2.05) 0.15462
2.06) 0.15461
2.07) 0.15459
2.08) 0.15458
2.09) 0.15457
2.1) 0.15455
2.11) 0.15454
2.12) 0.15453
2.13) 0.15451
2.14) 0.1545
2.15) 0.15448
2.16) 0.15447
2.17) 0.15445
2.18) 0.15444
2.19) 0.15442
2.2) 0.1544
2.21) 0.15439
2.22) 0.15437
2.23) 0.15435
2.24) 0.15434
2.25) 0.15432
2.262) 0.15431
2.27) 0.15429
2.282) 0.15428
2.29) 0.15426
2.303) 0.15425
2.31) 0.15423
2.32) 0.15422
2.33) 0.1542
2.34) 0.15419
2.35) 0.15417
2.36) 0.15416
2.37) 0.15414
2.38) 0.15413
2.39) 0.15411
2.4) 0.1541
2.41) 0.15408
2.42) 0.15407
2.43) 0.15405
2.44) 0.15404
2.45) 0.15402
2.46) 0.15401
2.47) 0.15399
2.48) 0.15398
2.49) 0.15397
2.5) 0.15395
2.512) 0.15394
2.52) 0.15392
2.532) 0.15391
2.54) 0.15389
2.553) 0.15388
2.56) 0.15386
2.57) 0.15385
2.58) 0.15383
2.59) 0.15382
2.6) 0.15381
2.61) 0.1538
2.62) 0.15378
2.63) 0.15377
2.64) 0.15376
2.65) 0.15374
2.66) 0.15373
2.67) 0.15372
2.68) 0.15371
2.69) 0.1537
2.7) 0.15368
2.71) 0.15367
2.72) 0.15366
2.73) 0.15365
2.74) 0.15364
2.75) 0.15363
2.762) 0.15362
2.77) 0.15361
2.782) 0.15359
2.79) 0.15358
2.803) 0.15357
2.81) 0.15356
2.82) 0.15356
2.83) 0.15355
2.84) 0.15354
2.85) 0.15353
2.86) 0.15352
2.87) 0.15351
2.88) 0.1535
2.89) 0.1535
2.9) 0.15349
2.91) 0.15348
2.92) 0.15348
2.93) 0.15347
2.94) 0.15346
2.95) 0.15346
2.96) 0.15346
2.97) 0.15345
2.98) 0.15345
2.99) 0.15345
3.0) 0.15344
3.012) 0.15344
3.02) 0.15343
3.032) 0.15343
3.04) 0.15343
3.053) 0.15343
3.06) 0.15343
3.073) 0.15343
3.08) 0.15343
3.09) 0.15344
3.1) 0.15343
3.11) 0.15344
3.12) 0.15343
3.13) 0.15344
3.14) 0.15345
3.15) 0.15345
3.16) 0.15346
3.17) 0.15346
3.18) 0.15347
3.19) 0.15348
3.2) 0.15349
3.21) 0.15351
3.22) 0.15351
3.23) 0.15353
3.24) 0.15354
3.25) 0.15355
3.262) 0.15357
3.27) 0.15359
3.282) 0.1536
3.29) 0.15362
3.303) 0.15364
3.31) 0.15365
3.323) 0.15368
3.33) 0.1537
3.34) 0.15372
3.35) 0.15374
3.36) 0.15376
3.37) 0.15379
3.38) 0.15381
3.39) 0.15384
3.4) 0.15387
3.41) 0.15391
3.42) 0.15394
3.43) 0.15397
3.44) 0.15401
3.45) 0.15405
3.46) 0.15409
3.47) 0.15413
3.48) 0.15418
3.49) 0.15422
3.5) 0.15426
3.512) 0.15431
3.52) 0.15436
3.532) 0.15441
3.54) 0.15446
3.553) 0.15452
3.56) 0.15458
3.573) 0.15463
3.58) 0.15469
3.59) 0.15475
3.6) 0.15482
3.61) 0.15488
3.62) 0.15495
3.63) 0.15502
3.64) 0.15509
3.65) 0.15516
3.66) 0.15524
3.67) 0.15532
3.68) 0.15539
3.69) 0.15548
3.7) 0.15556
3.71) 0.15565
3.72) 0.15573
3.73) 0.15582
3.74) 0.15592
3.75) 0.15602
3.762) 0.15612
3.77) 0.15622
3.782) 0.15632
3.79) 0.15642
3.803) 0.15653
3.81) 0.15665
3.823) 0.15676
3.83) 0.15688
3.84) 0.15699
3.85) 0.15712
3.86) 0.15724
3.87) 0.15736
3.88) 0.15749
3.89) 0.15762
3.9) 0.15775
3.91) 0.15788
3.92) 0.15802
3.93) 0.15816
3.94) 0.1583
3.95) 0.15844
3.96) 0.15859
3.97) 0.15873
3.98) 0.15888
3.99) 0.15903
4.0) 0.15919
4.01) 0.15934
4.025) 0.15949
4.03) 0.15965
4.04) 0.15981
4.05) 0.15997
4.065) 0.16013
4.07) 0.16029
4.08) 0.16046
4.09) 0.16063
4.1) 0.1608
4.11) 0.16097
4.12) 0.16115
4.13) 0.16133
4.14) 0.1615
4.15) 0.16167
4.16) 0.16186
4.17) 0.16203
4.18) 0.16221
4.19) 0.16238
4.2) 0.16257
4.21) 0.16276
4.22) 0.16295
4.23) 0.16312
4.24) 0.16331
4.25) 0.1635
4.26) 0.16369
4.275) 0.16387
4.28) 0.16405
4.29) 0.16425
4.3) 0.16443
4.315) 0.16462
4.32) 0.16481
4.33) 0.165
4.34) 0.16518
4.355) 0.16538
4.36) 0.16557
4.37) 0.16575
4.38) 0.16593
4.39) 0.16612
4.4) 0.16631
4.41) 0.16649
4.42) 0.16668
4.43) 0.16687
4.44) 0.16706
4.45) 0.16725
4.46) 0.16743
4.47) 0.16763
4.48) 0.16783
4.49) 0.16802
4.5) 0.16821
4.51) 0.1684
4.525) 0.1686
4.53) 0.16879
4.54) 0.16899
4.55) 0.16918
4.565) 0.16936
4.57) 0.16956
4.58) 0.16975
4.59) 0.16995
4.605) 0.17014
4.61) 0.17033
4.62) 0.17052
4.63) 0.1707
4.64) 0.1709
4.65) 0.17109
4.66) 0.17128
4.67) 0.17147
4.68) 0.17167
4.69) 0.17186
4.7) 0.17206
4.71) 0.17226
4.72) 0.17244
4.73) 0.17264
4.74) 0.17284
4.75) 0.17304
4.76) 0.17322
4.775) 0.17341
4.78) 0.17361
4.79) 0.1738
4.8) 0.174
4.815) 0.17419
4.82) 0.17438
4.83) 0.17456
4.84) 0.17475
4.855) 0.17494
4.86) 0.17512
4.87) 0.17531
4.88) 0.1755
4.89) 0.17569
4.9) 0.17587
4.91) 0.17605
4.92) 0.17623
4.93) 0.17641
4.94) 0.17658
4.95) 0.17676
4.96) 0.17694
4.97) 0.17711
4.98) 0.17728
4.99) 0.17745
5.0) 0.17762
5.01) 0.17778
5.025) 0.17795
5.03) 0.17811
5.04) 0.17827
5.05) 0.17844
5.065) 0.17859
5.07) 0.17875
5.08) 0.1789
5.09) 0.17906
5.105) 0.17921
5.11) 0.17935
5.12) 0.1795
5.13) 0.17964
5.14) 0.17979
5.15) 0.17993
5.16) 0.18006
5.17) 0.18019
5.18) 0.18032
5.19) 0.18045
5.2) 0.18058
5.21) 0.18071
5.22) 0.18083
5.23) 0.18095
5.24) 0.18106
5.25) 0.18117
5.26) 0.18129
5.275) 0.18139
5.28) 0.1815
5.29) 0.18161
5.3) 0.18171
5.315) 0.18181
5.32) 0.18191
5.33) 0.18201
5.34) 0.1821
5.355) 0.18219
5.36) 0.18227
5.37) 0.18236
5.38) 0.18244
5.39) 0.18252
5.4) 0.1826
5.41) 0.18268
5.42) 0.18275
5.43) 0.18282
5.44) 0.18289
5.45) 0.18296
5.46) 0.18302
5.47) 0.18309
5.48) 0.18314
5.49) 0.1832
5.5) 0.18326
5.51) 0.18331
5.525) 0.18336
5.53) 0.18342
5.54) 0.18347
5.55) 0.18351
5.565) 0.18356
5.57) 0.1836
5.58) 0.18364
5.59) 0.18368
5.605) 0.18372
5.61) 0.18376
5.62) 0.18379
5.63) 0.18382
5.64) 0.18386
5.65) 0.18388
5.66) 0.18391
5.67) 0.18394
5.68) 0.18397
5.69) 0.18399
5.7) 0.18401
5.71) 0.18404
5.72) 0.18406
5.73) 0.18407
5.74) 0.18409
5.75) 0.1841
5.76) 0.18412
5.775) 0.18413
5.78) 0.18415
5.79) 0.18416
5.8) 0.18418
5.815) 0.18419
5.82) 0.18419
5.83) 0.1842
5.84) 0.18421
5.855) 0.18421
5.86) 0.18421
5.87) 0.18422
5.88) 0.18422
5.89) 0.18423
5.9) 0.18423
5.91) 0.18423
5.92) 0.18423
5.93) 0.18423
5.94) 0.18423
5.95) 0.18423
5.96) 0.18423
5.97) 0.18423
5.98) 0.18423
5.99) 0.18422
6.0) 0.18422
6.01) 0.18422
6.025) 0.18422
6.03) 0.18421
6.04) 0.18421
6.05) 0.1842
6.065) 0.18419
6.07) 0.18419
6.08) 0.18418
6.09) 0.18417
6.105) 0.18416
6.11) 0.18415
6.12) 0.18414
6.13) 0.18413
6.14) 0.18412
6.15) 0.18411
6.16) 0.1841
6.17) 0.18409
6.18) 0.18407
6.19) 0.18406
6.2) 0.18405
6.21) 0.18403
6.22) 0.18402
6.23) 0.18401
6.24) 0.184
6.25) 0.18398
6.26) 0.18397
6.275) 0.18395
6.28) 0.18394
6.29) 0.18392
6.3) 0.18391
6.315) 0.18389
6.32) 0.18387
6.33) 0.18386
6.34) 0.18384
6.355) 0.18382
6.36) 0.1838
6.37) 0.18379
6.38) 0.18378
6.39) 0.18376
6.4) 0.18374
6.41) 0.18372
6.42) 0.18371
6.43) 0.18369
6.44) 0.18367
6.45) 0.18365
6.46) 0.18363
6.47) 0.18362
6.48) 0.1836
6.49) 0.18358
6.5) 0.18357
6.51) 0.18355
6.525) 0.18354
6.53) 0.18352
6.54) 0.1835
6.55) 0.18348
6.565) 0.18346
6.57) 0.18344
6.58) 0.18342
6.59) 0.1834
6.605) 0.18338
6.61) 0.18335
6.62) 0.18333
6.63) 0.18331
6.64) 0.1833
6.65) 0.18328
6.66) 0.18327
6.67) 0.18325
6.68) 0.18323
6.69) 0.18322
6.7) 0.1832
6.71) 0.18318
6.72) 0.18316
6.73) 0.18314
6.74) 0.18313
6.75) 0.18311
6.76) 0.18309
6.775) 0.18307
6.78) 0.18305
6.79) 0.18303
6.8) 0.18301
6.815) 0.18299
6.82) 0.18297
6.83) 0.18295
6.84) 0.18293
6.855) 0.18292
6.86) 0.1829
6.87) 0.18288
6.88) 0.18286
6.89) 0.18284
6.9) 0.18283
6.91) 0.18281
6.92) 0.1828
6.93) 0.18278
6.94) 0.18276
6.95) 0.18274
6.96) 0.18272
6.97) 0.18271
6.98) 0.18269
6.99) 0.18267
7.0) 0.18265
7.01) 0.18264
7.025) 0.18262
7.03) 0.18261
7.04) 0.18259
7.05) 0.18258
7.065) 0.18256
7.07) 0.18254
7.08) 0.18253
7.09) 0.18251
7.105) 0.1825
7.11) 0.18248
7.12) 0.18247
7.13) 0.18246
7.14) 0.18244
7.15) 0.18243
7.16) 0.18241
7.17) 0.1824
7.18) 0.18238
7.19) 0.18237
7.2) 0.18236
7.21) 0.18235
7.22) 0.18233
7.23) 0.18232
7.24) 0.18231
7.25) 0.1823
7.26) 0.18229
7.275) 0.18228
7.28) 0.18227
7.29) 0.18227
7.3) 0.18226
7.315) 0.18224
7.32) 0.18224
7.33) 0.18223
7.34) 0.18223
7.355) 0.18222
7.36) 0.18222
7.37) 0.18221
7.38) 0.18221
7.39) 0.1822
7.4) 0.1822
7.41) 0.1822
7.42) 0.1822
7.43) 0.1822
7.44) 0.1822
7.45) 0.1822
7.46) 0.1822
7.47) 0.18221
7.48) 0.18221
7.49) 0.18221
7.5) 0.18221
7.51) 0.18222
7.525) 0.18223
7.53) 0.18224
7.54) 0.18224
7.55) 0.18225
7.565) 0.18226
7.57) 0.18227
7.58) 0.18229
7.59) 0.18229
7.605) 0.18231
7.61) 0.18233
7.62) 0.18234
7.63) 0.18235
7.64) 0.18237
7.65) 0.18238
7.66) 0.1824
7.67) 0.18242
7.68) 0.18244
7.69) 0.18246
7.7) 0.18248
7.71) 0.18251
7.72) 0.18253
7.73) 0.18256
7.74) 0.18259
7.75) 0.18262
7.76) 0.18266
7.775) 0.18269
7.78) 0.18273
7.79) 0.18277
7.8) 0.18281
7.815) 0.18285
7.82) 0.18289
7.83) 0.18293
7.84) 0.18297
7.855) 0.18302
7.86) 0.18306
7.87) 0.18311
7.88) 0.18316
7.89) 0.18322
7.9) 0.18327
7.91) 0.18334
7.92) 0.18339
7.93) 0.18346
7.94) 0.18352
7.95) 0.18359
7.96) 0.18365
7.97) 0.18373
7.98) 0.1838
7.99) 0.18388
8.0) 0.18395
8.01) 0.18404
8.02) 0.18412
8.03) 0.18421
8.04) 0.1843
8.05) 0.18438
8.06) 0.18448
8.07) 0.18458
8.08) 0.18467
8.09) 0.18477
8.1) 0.18487
8.11) 0.18498
8.12) 0.18509
8.13) 0.1852
8.14) 0.18531
8.15) 0.18543
8.16) 0.18555
8.17) 0.18567
8.18) 0.18579
8.19) 0.18592
8.2) 0.18605
8.21) 0.18619
8.22) 0.18632
8.23) 0.18646
8.24) 0.1866
8.25) 0.18675
8.26) 0.18689
8.27) 0.18704
8.28) 0.18719
8.29) 0.18734
8.3) 0.18749
8.31) 0.18765
8.32) 0.18781
8.33) 0.18797
8.34) 0.18813
8.35) 0.18829
8.36) 0.18846
8.37) 0.18863
8.38) 0.18881
8.39) 0.18898
8.4) 0.18916
8.41) 0.18934
8.42) 0.18952
8.43) 0.1897
8.44) 0.18988
8.45) 0.19006
8.46) 0.19025
8.47) 0.19045
8.48) 0.19064
8.49) 0.19083
8.5) 0.19102
8.51) 0.19121
8.52) 0.19141
8.53) 0.1916
8.54) 0.19179
8.55) 0.19199
8.56) 0.19219
8.57) 0.19238
8.58) 0.19258
8.59) 0.19279
8.6) 0.19299
8.61) 0.19319
8.62) 0.1934
8.63) 0.1936
8.64) 0.19382
8.65) 0.19401
8.66) 0.19421
8.67) 0.19443
8.68) 0.19463
8.69) 0.19484
8.71) 0.19506
8.71) 0.19526
8.72) 0.19548
8.73) 0.19569
8.74) 0.19591
8.75) 0.19611
8.76) 0.19632
8.77) 0.19653
8.78) 0.19674
8.79) 0.19695
8.8) 0.19716
8.81) 0.19736
8.82) 0.19757
8.83) 0.19779
8.84) 0.19801
8.85) 0.19821
8.86) 0.19843
8.87) 0.19863
8.88) 0.19884
8.89) 0.19905
8.9) 0.19926
8.91) 0.19946
8.92) 0.19967
8.93) 0.19989
8.94) 0.2001
8.95) 0.20032
8.96) 0.20053
8.97) 0.20074
8.98) 0.20094
8.99) 0.20114
9.0) 0.20136
9.01) 0.20157
9.02) 0.20178
9.03) 0.20199
9.04) 0.20221
9.05) 0.20242
9.06) 0.20264
9.07) 0.20285
9.08) 0.20307
9.09) 0.20327
9.1) 0.20348
9.11) 0.20368
9.12) 0.20389
9.13) 0.20411
9.14) 0.20431
9.15) 0.20453
9.16) 0.20473
9.17) 0.20494
9.18) 0.20515
9.19) 0.20536
9.21) 0.20556
9.21) 0.20577
9.22) 0.20598
9.23) 0.20618
9.24) 0.20637
9.25) 0.20656
9.26) 0.20677
9.27) 0.20697
9.28) 0.20717
9.29) 0.20736
9.3) 0.20756
9.31) 0.20775
9.32) 0.20794
9.33) 0.20812
9.34) 0.20831
9.35) 0.20849
9.36) 0.20867
9.37) 0.20886
9.38) 0.20903
9.39) 0.2092
9.4) 0.20937
9.41) 0.20954
9.42) 0.2097
9.43) 0.20987
9.44) 0.21003
9.45) 0.2102
9.46) 0.21036
9.47) 0.21051
9.48) 0.21066
9.49) 0.21082
9.5) 0.21096
9.51) 0.21111
9.52) 0.21125
9.53) 0.2114
9.54) 0.21153
9.55) 0.21166
9.56) 0.21179
9.57) 0.21192
9.58) 0.21204
9.59) 0.21216
9.6) 0.21228
9.61) 0.2124
9.62) 0.21252
9.63) 0.21263
9.64) 0.21274
9.65) 0.21285
9.66) 0.21295
9.67) 0.21304
9.68) 0.21314
9.69) 0.21324
9.71) 0.21333
9.71) 0.21342
9.72) 0.2135
9.73) 0.21358
9.74) 0.21366
9.75) 0.21374
9.76) 0.21382
9.77) 0.21389
9.78) 0.21396
9.79) 0.21403
9.8) 0.2141
9.81) 0.21416
9.82) 0.21423
9.83) 0.21429
9.84) 0.21435
9.85) 0.2144
9.86) 0.21446
9.87) 0.21451
9.88) 0.21456
9.89) 0.21462
9.9) 0.21467
9.91) 0.21471
9.92) 0.21475
9.93) 0.21479
9.94) 0.21483
9.95) 0.21487
9.96) 0.2149
9.97) 0.21494
9.98) 0.21497
9.99) 0.21501
10.0) 0.21503
10.01) 0.21507
10.02) 0.21509
10.03) 0.21511
10.04) 0.21513
10.05) 0.21515
10.06) 0.21517
10.07) 0.21519
10.08) 0.2152
10.09) 0.21523
10.1) 0.21524
10.11) 0.21524
10.12) 0.21526
10.13) 0.21527
10.14) 0.21529
10.15) 0.2153
10.16) 0.2153
10.17) 0.21531
10.18) 0.21531
10.19) 0.21531
10.21) 0.21532
10.21) 0.21532
10.22) 0.21533
10.23) 0.21533
10.24) 0.21533
10.25) 0.21533
10.26) 0.21533
10.27) 0.21532
10.28) 0.21532
10.29) 0.21532
10.3) 0.21531
10.31) 0.2153
10.32) 0.2153
10.33) 0.21529
10.34) 0.21529
10.35) 0.21528
10.36) 0.21527
10.37) 0.21526
10.38) 0.21525
10.39) 0.21524
10.4) 0.21523
10.41) 0.21522
10.42) 0.2152
10.43) 0.21519
10.44) 0.21518
10.45) 0.21516
10.46) 0.21515
10.47) 0.21514
10.48) 0.21513
10.49) 0.21511
10.5) 0.21509
10.51) 0.21507
10.52) 0.21506
10.53) 0.21505
10.54) 0.21503
10.55) 0.21501
10.56) 0.215
10.57) 0.21498
10.58) 0.21496
10.59) 0.21495
10.6) 0.21493
10.61) 0.21491
10.62) 0.2149
10.63) 0.21488
10.64) 0.21486
10.65) 0.21484
10.66) 0.21482
10.67) 0.2148
10.68) 0.21477
10.69) 0.21475
10.71) 0.21473
10.71) 0.21471
10.72) 0.21469
10.73) 0.21467
10.74) 0.21465
10.75) 0.21463
10.76) 0.21461
10.77) 0.21459
10.78) 0.21458
10.79) 0.21456
10.8) 0.21453
10.81) 0.21452
10.82) 0.21449
10.83) 0.21448
10.84) 0.21446
10.85) 0.21443
10.86) 0.21441
10.87) 0.21439
10.88) 0.21437
10.89) 0.21434
10.9) 0.21432
10.91) 0.2143
10.92) 0.21428
10.93) 0.21426
10.94) 0.21424
10.95) 0.21422
10.96) 0.21419
10.97) 0.21417
10.98) 0.21415
10.99) 0.21413
11.0) 0.21411
11.01) 0.21409
11.02) 0.21406
11.03) 0.21404
11.04) 0.21402
11.05) 0.214
11.06) 0.21398
11.07) 0.21396
11.08) 0.21393
11.09) 0.21391
11.1) 0.21389
11.11) 0.21387
11.12) 0.21385
11.13) 0.21383
11.14) 0.21381
11.15) 0.21378
11.16) 0.21376
11.17) 0.21374
11.18) 0.21372
11.19) 0.2137
11.21) 0.21368
11.21) 0.21366
11.22) 0.21364
11.23) 0.21362
11.24) 0.2136
11.25) 0.21359
11.26) 0.21357
11.27) 0.21355
11.28) 0.21353
11.29) 0.21351
11.3) 0.21349
11.31) 0.21348
11.32) 0.21346
11.33) 0.21344
11.34) 0.21343
11.35) 0.21341
11.36) 0.21339
11.37) 0.21337
11.38) 0.21336
11.39) 0.21334
11.4) 0.21332
11.41) 0.21331
11.42) 0.2133
11.43) 0.21328
11.44) 0.21327
11.45) 0.21325
11.46) 0.21324
11.47) 0.21323
11.48) 0.21321
11.49) 0.2132
11.5) 0.21319
11.51) 0.21317
11.52) 0.21317
11.53) 0.21316
11.54) 0.21315
11.55) 0.21314
11.56) 0.21313
11.57) 0.21312
11.58) 0.21311
11.59) 0.21311
11.6) 0.2131
11.61) 0.2131
11.62) 0.2131
11.63) 0.21309
11.64) 0.21309
11.65) 0.21309
11.66) 0.21308
11.67) 0.21308
11.68) 0.21308
11.69) 0.21307
11.71) 0.21308
11.71) 0.21308
11.72) 0.21308
11.73) 0.21308
11.74) 0.21309
11.75) 0.21309
11.76) 0.21311
11.77) 0.21312
11.78) 0.21313
11.79) 0.21314
11.8) 0.21315
11.81) 0.21316
11.82) 0.21318
11.83) 0.21319
11.84) 0.21321
11.85) 0.21322
11.86) 0.21324
11.87) 0.21327
11.88) 0.21329
11.89) 0.21331
11.9) 0.21333
11.91) 0.21336
11.92) 0.21339
11.93) 0.21342
11.94) 0.21345
11.95) 0.21349
11.96) 0.21352
11.97) 0.21356
11.98) 0.2136
11.99) 0.21363
12.0) 0.21367
12.01) 0.21372
12.02) 0.21376
12.03) 0.2138
12.04) 0.21386
12.05) 0.2139
12.06) 0.21396
12.07) 0.21402
12.08) 0.21407
12.09) 0.21413
12.1) 0.21419
12.11) 0.21426
12.12) 0.21433
12.13) 0.2144
12.14) 0.21447
12.15) 0.21454
12.16) 0.21462
12.17) 0.2147
12.18) 0.21478
12.19) 0.21486
12.21) 0.21494
12.21) 0.21503
12.22) 0.21512
12.23) 0.21521
12.24) 0.21531
12.25) 0.21541
12.26) 0.21551
12.27) 0.21562
12.28) 0.21573
12.29) 0.21584
12.3) 0.21596
12.31) 0.21608
12.32) 0.2162
12.33) 0.21632
12.34) 0.21644
12.35) 0.21657
12.36) 0.2167
12.37) 0.21683
12.38) 0.21697
12.39) 0.21711
12.4) 0.21725
12.41) 0.2174
12.42) 0.21755
12.43) 0.2177
12.44) 0.21786
12.45) 0.21802
12.46) 0.21818
12.47) 0.21835
12.48) 0.21851
12.49) 0.21868
12.5) 0.21885
12.51) 0.21901
12.52) 0.21918
12.53) 0.21936
12.54) 0.21954
12.55) 0.21973
12.56) 0.21991
12.57) 0.22009
12.58) 0.22028
12.59) 0.22048
12.6) 0.22067
12.61) 0.22087
12.62) 0.22107
12.63) 0.22127
12.64) 0.22148
12.65) 0.22168
12.66) 0.22189
12.67) 0.22209
12.68) 0.2223
12.69) 0.22251
12.71) 0.22273
12.71) 0.22294
12.72) 0.22315
12.73) 0.22337
12.74) 0.22359
12.75) 0.22381
12.76) 0.22402
12.77) 0.22424
12.78) 0.22447
12.79) 0.22468
12.8) 0.22491
12.81) 0.22513
12.82) 0.22536
12.83) 0.22558
12.84) 0.2258
12.85) 0.22601
12.86) 0.22624
12.87) 0.22645
12.88) 0.22669
12.89) 0.22692
12.9) 0.22714
12.91) 0.22737
12.92) 0.2276
12.93) 0.22782
12.94) 0.22804
12.95) 0.22827
12.96) 0.22849
12.97) 0.22872
12.98) 0.22894
12.99) 0.22916
13.0) 0.22938
13.01) 0.2296
13.02) 0.22983
13.03) 0.23005
13.04) 0.23029
13.05) 0.23051
13.06) 0.23074
13.07) 0.23098
13.08) 0.2312
13.09) 0.23144
13.1) 0.23166
13.11) 0.23189
13.12) 0.23213
13.13) 0.23235
13.14) 0.23258
13.15) 0.23281
13.16) 0.23304
13.17) 0.23327
13.18) 0.2335
13.19) 0.23372
13.21) 0.23395
13.21) 0.23419
13.22) 0.23442
13.23) 0.23464
13.24) 0.23487
13.25) 0.2351
13.26) 0.23533
13.27) 0.23556
13.28) 0.2358
13.29) 0.23602
13.3) 0.23626
13.31) 0.23648
13.32) 0.2367
13.33) 0.23693
13.34) 0.23716
13.35) 0.23738
13.36) 0.2376
13.37) 0.23783
13.38) 0.23806
13.39) 0.23828
13.4) 0.2385
13.41) 0.23872
13.42) 0.23894
13.43) 0.23916
13.44) 0.23938
13.45) 0.2396
13.46) 0.23981
13.47) 0.24002
13.48) 0.24024
13.49) 0.24044
13.5) 0.24064
13.51) 0.24084
13.52) 0.24104
13.53) 0.24125
13.54) 0.24145
13.55) 0.24164
13.56) 0.24183
13.57) 0.24203
13.58) 0.24222
13.59) 0.2424
13.6) 0.24259
13.61) 0.24277
13.62) 0.24295
13.63) 0.24313
13.64) 0.2433
13.65) 0.24347
13.66) 0.24364
13.67) 0.24381
13.68) 0.24397
13.69) 0.24412
13.71) 0.24428
13.71) 0.24443
13.72) 0.24459
13.73) 0.24474
13.74) 0.24488
13.75) 0.24502
13.76) 0.24516
13.77) 0.24529
13.78) 0.24541
13.79) 0.24554
13.8) 0.24566
13.81) 0.24579
13.82) 0.24591
13.83) 0.24602
13.84) 0.24613
13.85) 0.24623
13.86) 0.24634
13.87) 0.24644
13.88) 0.24654
13.89) 0.24664
13.9) 0.24674
13.91) 0.24683
13.92) 0.24691
13.93) 0.247
13.94) 0.24708
13.95) 0.24715
13.96) 0.24723
13.97) 0.24731
13.98) 0.24738
13.99) 0.24745
14.0) 0.24753
14.01) 0.24759
14.02) 0.24766
14.03) 0.24772
14.04) 0.24777
14.05) 0.24783
14.06) 0.24787
14.07) 0.24793
14.08) 0.24798
14.09) 0.24802
14.1) 0.24806
14.11) 0.2481
14.12) 0.24814
14.13) 0.24818
14.14) 0.24821
14.15) 0.24825
14.16) 0.24828
14.17) 0.24831
14.18) 0.24834
14.19) 0.24837
14.21) 0.24839
14.21) 0.24842
14.22) 0.24845
14.23) 0.24847
14.24) 0.24849
14.25) 0.24851
14.26) 0.24852
14.27) 0.24854
14.28) 0.24855
14.29) 0.24857
14.3) 0.24857
14.31) 0.24858
14.32) 0.24859
14.33) 0.2486
14.34) 0.2486
14.35) 0.2486
14.36) 0.24861
14.37) 0.24861
14.38) 0.24861
14.39) 0.24861
14.4) 0.24861
14.41) 0.2486
14.42) 0.2486
14.43) 0.24859
14.44) 0.24859
14.45) 0.24859
14.46) 0.24859
14.47) 0.24858
14.48) 0.24857
14.49) 0.24856
14.5) 0.24856
14.51) 0.24854
14.52) 0.24853
14.53) 0.24852
14.54) 0.24851
14.55) 0.2485
14.56) 0.24848
14.57) 0.24847
14.58) 0.24846
14.59) 0.24844
14.6) 0.24843
14.61) 0.24841
14.62) 0.24839
14.63) 0.24838
14.64) 0.24836
14.65) 0.24835
14.66) 0.24833
14.67) 0.24831
14.68) 0.24829
14.69) 0.24827
14.71) 0.24825
14.71) 0.24824
14.72) 0.24821
14.73) 0.24819
14.74) 0.24817
14.75) 0.24815
14.76) 0.24813
14.77) 0.24811
14.78) 0.24809
14.79) 0.24806
14.8) 0.24804
14.81) 0.24802
14.82) 0.248
14.83) 0.24797
14.84) 0.24795
14.85) 0.24793
14.86) 0.2479
14.87) 0.24788
14.88) 0.24786
14.89) 0.24783
14.9) 0.24781
14.91) 0.24779
14.92) 0.24777
14.93) 0.24774
14.94) 0.24772
14.95) 0.24769
14.96) 0.24767
14.97) 0.24764
14.98) 0.24762
14.99) 0.24759
15.0) 0.24757
15.01) 0.24755
15.02) 0.24752
15.03) 0.2475
15.04) 0.24748
15.05) 0.24745
15.06) 0.24743
15.07) 0.24741
15.08) 0.24738
15.09) 0.24736
15.1) 0.24733
15.11) 0.24731
15.12) 0.24728
15.13) 0.24726
15.14) 0.24723
15.15) 0.24721
15.16) 0.24718
15.17) 0.24715
15.18) 0.24713
15.19) 0.24711
15.21) 0.24708
15.21) 0.24706
15.22) 0.24703
15.23) 0.24701
15.24) 0.24699
15.25) 0.24697
15.26) 0.24694
15.27) 0.24692
15.28) 0.2469
15.29) 0.24687
15.3) 0.24685
15.31) 0.24683
15.32) 0.2468
15.33) 0.24678
15.34) 0.24676
15.35) 0.24673
15.36) 0.24671
15.37) 0.24669
15.38) 0.24667
15.39) 0.24665
15.4) 0.24662
15.41) 0.24661
15.42) 0.24659
15.43) 0.24656
15.44) 0.24654
15.45) 0.24653
15.46) 0.24651
15.47) 0.24649
15.48) 0.24647
15.49) 0.24645
15.5) 0.24643
15.51) 0.24642
15.52) 0.2464
15.53) 0.24639
15.54) 0.24638
15.55) 0.24636
15.56) 0.24635
15.57) 0.24633
15.58) 0.24632
15.59) 0.24631
15.6) 0.24629
15.61) 0.24628
15.62) 0.24627
15.63) 0.24626
15.64) 0.24625
15.65) 0.24624
15.66) 0.24624
15.67) 0.24622
15.68) 0.24622
15.69) 0.24621
15.71) 0.2462
15.71) 0.2462
15.72) 0.2462
15.73) 0.24619
15.74) 0.24619
15.75) 0.24619
15.76) 0.24619
15.77) 0.24619
15.78) 0.24619
15.79) 0.24619
15.8) 0.24619
15.81) 0.2462
15.82) 0.24621
15.83) 0.24621
15.84) 0.24622
15.85) 0.24622
15.86) 0.24624
15.87) 0.24625
15.88) 0.24626
15.89) 0.24627
15.9) 0.24628
15.91) 0.24629
15.92) 0.24631
15.93) 0.24633
15.94) 0.24635
15.95) 0.24638
15.96) 0.2464
15.97) 0.24643
15.98) 0.24646
15.99) 0.24649
16.0) 0.24652
16.01) 0.24655
16.02) 0.24659
16.03) 0.24663
16.04) 0.24667
16.05) 0.2467
16.06) 0.24675
16.07) 0.24679
16.08) 0.24683
16.09) 0.24689
16.1) 0.24693
16.11) 0.24699
16.12) 0.24705
16.13) 0.24711
16.14) 0.24717
16.15) 0.24723
16.16) 0.24729
16.17) 0.24736
16.18) 0.24743
16.19) 0.24751
16.2) 0.24758
16.21) 0.24766
16.22) 0.24774
16.23) 0.24783
16.24) 0.24792
16.25) 0.24801
16.26) 0.24811
16.27) 0.2482
16.28) 0.24831
16.29) 0.24841
16.3) 0.24852
16.31) 0.24862
16.32) 0.24874
16.33) 0.24885
16.34) 0.24897
16.35) 0.24909
16.36) 0.24921
16.37) 0.24934
16.38) 0.24947
16.39) 0.24961
16.4) 0.24975
16.41) 0.24989
16.42) 0.25004
16.43) 0.25019
16.44) 0.25034
16.45) 0.25049
16.46) 0.25065
16.47) 0.25081
16.48) 0.25098
16.49) 0.25114
16.5) 0.25131
16.51) 0.25149
16.52) 0.25166
16.53) 0.25184
16.54) 0.25201
16.55) 0.2522
16.56) 0.25239
16.57) 0.25258
16.58) 0.25277
16.59) 0.25296
16.6) 0.25316
16.61) 0.25336
16.62) 0.25356
16.63) 0.25376
16.64) 0.25397
16.65) 0.25418
16.66) 0.25439
16.67) 0.25461
16.68) 0.25483
16.69) 0.25505
16.7) 0.25527
16.71) 0.25549
16.72) 0.25571
16.73) 0.25594
16.74) 0.25617
16.75) 0.25639
16.76) 0.25663
16.77) 0.25686
16.78) 0.25709
16.79) 0.25732
16.8) 0.25756
16.81) 0.25779
16.82) 0.25803
16.83) 0.25827
16.84) 0.25851
16.85) 0.25876
16.86) 0.259
16.87) 0.25925
16.88) 0.2595
16.89) 0.25974
16.9) 0.25998
16.91) 0.26022
16.92) 0.26048
16.93) 0.26073
16.94) 0.26097
16.95) 0.26122
16.96) 0.26146
16.97) 0.26172
16.98) 0.26196
16.99) 0.26221
17.0) 0.26247
17.01) 0.26271
17.02) 0.26296
17.03) 0.2632
17.04) 0.26344
17.05) 0.26368
17.06) 0.26392
17.07) 0.26416
17.08) 0.26441
17.09) 0.26467
17.1) 0.26493
17.11) 0.26518
17.12) 0.26543
17.13) 0.26568
17.14) 0.26593
17.15) 0.26619
17.16) 0.26643
17.17) 0.26669
17.18) 0.26694
17.19) 0.2672
17.2) 0.26747
17.21) 0.26773
17.22) 0.26799
17.23) 0.26824
17.24) 0.26849
17.25) 0.26874
17.26) 0.269
17.27) 0.26926
17.28) 0.26952
17.29) 0.26977
17.3) 0.27003
17.31) 0.27028
17.32) 0.27052
17.33) 0.27078
17.34) 0.27103
17.35) 0.27128
17.36) 0.27153
17.37) 0.27177
17.38) 0.27203
17.39) 0.27228
17.42) 0.27253
17.41) 0.27278
17.42) 0.27303
17.43) 0.27328
17.44) 0.27352
17.45) 0.27375
17.46) 0.27399
17.47) 0.27422
17.48) 0.27446
17.49) 0.27469
17.5) 0.27492
17.51) 0.27515
17.52) 0.27537
17.53) 0.2756
17.54) 0.27582
17.55) 0.27604
17.56) 0.27627
17.57) 0.27649
17.58) 0.27671
17.59) 0.27692
17.6) 0.27713
17.61) 0.27735
17.62) 0.27756
17.63) 0.27777
17.64) 0.27797
17.65) 0.27817
17.66) 0.27836
17.67) 0.27855
17.68) 0.27874
17.69) 0.27892
17.7) 0.2791
17.71) 0.27928
17.72) 0.27946
17.73) 0.27963
17.74) 0.2798
17.75) 0.27998
17.76) 0.28014
17.77) 0.2803
17.78) 0.28046
17.79) 0.28061
17.8) 0.28076
17.81) 0.28091
17.82) 0.28105
17.83) 0.28119
17.84) 0.28133
17.85) 0.28146
17.86) 0.28159
17.87) 0.28171
17.88) 0.28183
17.89) 0.28194
17.92) 0.28205
17.91) 0.28216
17.92) 0.28226
17.93) 0.28237
17.94) 0.28247
17.95) 0.28256
17.96) 0.28266
17.97) 0.28276
17.98) 0.28284
17.99) 0.28293
18.0) 0.28301
18.01) 0.28309
18.02) 0.28317
18.03) 0.28324
18.04) 0.28331
18.05) 0.28338
18.06) 0.28345
18.07) 0.2835
18.08) 0.28356
18.09) 0.28362
18.1) 0.28367
18.11) 0.28372
18.12) 0.28377
18.13) 0.28382
18.14) 0.28387
18.15) 0.28391
18.16) 0.28395
18.17) 0.28399
18.18) 0.28403
18.19) 0.28406
18.2) 0.28409
18.21) 0.28412
18.22) 0.28415
18.23) 0.28418
18.24) 0.2842
18.25) 0.28422
18.26) 0.28424
18.27) 0.28426
18.28) 0.28428
18.29) 0.2843
18.3) 0.28431
18.31) 0.28432
18.32) 0.28434
18.33) 0.28435
18.34) 0.28436
18.35) 0.28436
18.36) 0.28436
18.37) 0.28437
18.38) 0.28437
18.39) 0.28437
18.42) 0.28437
18.41) 0.28437
18.42) 0.28437
18.43) 0.28437
18.44) 0.28436
18.45) 0.28436
18.46) 0.28435
18.47) 0.28435
18.48) 0.28434
18.49) 0.28433
18.5) 0.28433
18.51) 0.28431
18.52) 0.2843
18.53) 0.28429
18.54) 0.28428
18.55) 0.28427
18.56) 0.28425
18.57) 0.28424
18.58) 0.28423
18.59) 0.28421
18.6) 0.2842
18.61) 0.28418
18.62) 0.28417
18.63) 0.28415
18.64) 0.28413
18.65) 0.28411
18.66) 0.28409
18.67) 0.28407
18.68) 0.28405
18.69) 0.28402
18.7) 0.284
18.71) 0.28398
18.72) 0.28396
18.73) 0.28393
18.74) 0.28391
18.75) 0.28388
18.76) 0.28386
18.77) 0.28384
18.78) 0.28381
18.79) 0.28379
18.8) 0.28376
18.81) 0.28373
18.82) 0.28371
18.83) 0.28368
18.84) 0.28365
18.85) 0.28362
18.86) 0.2836
18.87) 0.28357
18.88) 0.28354
18.89) 0.28352
18.92) 0.28349
18.91) 0.28346
18.92) 0.28344
18.93) 0.28341
18.94) 0.28339
18.95) 0.28336
18.96) 0.28333
18.97) 0.2833
18.98) 0.28327
18.99) 0.28324
19.0) 0.28322
19.01) 0.28319
19.02) 0.28316
19.03) 0.28313
19.04) 0.2831
19.05) 0.28307
19.06) 0.28304
19.07) 0.28301
19.08) 0.28298
19.09) 0.28295
19.1) 0.28293
19.11) 0.28289
19.12) 0.28287
19.13) 0.28283
19.14) 0.28281
19.15) 0.28278
19.16) 0.28275
19.17) 0.28272
19.18) 0.28269
19.19) 0.28266
19.2) 0.28264
19.21) 0.28261
19.22) 0.28258
19.23) 0.28256
19.24) 0.28254
19.25) 0.28251
19.26) 0.28248
19.27) 0.28245
19.28) 0.28243
19.29) 0.28241
19.3) 0.28238
19.31) 0.28236
19.32) 0.28234
19.33) 0.28231
19.34) 0.28229
19.35) 0.28226
19.36) 0.28224
19.37) 0.28221
19.38) 0.28219
19.39) 0.28217
19.42) 0.28215
19.41) 0.28212
19.42) 0.2821
19.43) 0.28208
19.44) 0.28206
19.45) 0.28204
19.46) 0.28202
19.47) 0.282
19.48) 0.28198
19.49) 0.28196
19.5) 0.28194
19.51) 0.28192
19.52) 0.28191
19.53) 0.28189
19.54) 0.28187
19.55) 0.28186
19.56) 0.28185
19.57) 0.28183
19.58) 0.28182
19.59) 0.28181
19.6) 0.28179
19.61) 0.28179
19.62) 0.28177
19.63) 0.28176
19.64) 0.28176
19.65) 0.28175
19.66) 0.28175
19.67) 0.28174
19.68) 0.28174
19.69) 0.28173
19.7) 0.28173
19.71) 0.28173
19.72) 0.28173
19.73) 0.28173
19.74) 0.28174
19.75) 0.28174
19.76) 0.28175
19.77) 0.28175
19.78) 0.28176
19.79) 0.28177
19.8) 0.28178
19.81) 0.2818
19.82) 0.28181
19.83) 0.28182
19.84) 0.28184
19.85) 0.28186
19.86) 0.28189
19.87) 0.28191
19.88) 0.28193
19.89) 0.28196
19.92) 0.28199
19.91) 0.28201
19.92) 0.28205
19.93) 0.28208
19.94) 0.28212
19.95) 0.28216
19.96) 0.2822
19.97) 0.28224
19.98) 0.28228
19.99) 0.28233
20.0) 0.28238
