0.0) 1.5
0.01) 1.5
0.02) 1.49981
0.03) 1.49944
0.04) 1.49888
0.05) 1.49813
0.06) 1.49719
0.07) 1.49607
0.08) 1.49476
0.09) 1.49327
0.1) 1.49159
0.11) 1.48973
0.12) 1.48769
0.13) 1.48546
0.14) 1.48305
0.15) 1.48046
0.16) 1.4777
0.17) 1.47476
0.18) 1.47164
0.19) 1.46835
0.2) 1.46489
0.21) 1.46126
0.22) 1.45746
0.23) 1.4535
0.24) 1.44937
0.25) 1.44508
0.26) 1.44063
0.27) 1.43602
0.28) 1.43126
0.29) 1.42635
0.3) 1.42129
0.31) 1.41608
0.32) 1.41072
0.33) 1.40522
0.34) 1.39958
0.3503) 1.3938
0.36) 1.38789
0.37) 1.38185
0.38) 1.37568
0.39) 1.36938
0.4) 1.36296
0.4103) 1.35642
0.42) 1.34977
0.43) 1.343
0.44) 1.33612
0.45) 1.32913
0.46) 1.32204
0.4703) 1.31485
0.48) 1.30756
0.49) 1.30017
0.5) 1.29269
0.51) 1.28512
0.52) 1.27746
0.53) 1.26972
0.54) 1.2619
0.55) 1.254
0.56) 1.24602
0.571) 1.23797
0.58) 1.22985
0.59) 1.22167
0.6) 1.21343
0.61) 1.20513
0.62) 1.19677
0.63) 1.18835
0.64) 1.17988
0.65) 1.17136
0.66) 1.1628
0.67) 1.15419
0.68) 1.14554
0.691) 1.13685
0.701) 1.12813
0.71) 1.11937
0.72) 1.11058
0.73) 1.10177
0.74) 1.09293
0.75) 1.08407
0.76) 1.07518
0.77) 1.06628
0.78) 1.05736
0.79) 1.04842
0.8) 1.03947
0.81) 1.03051
0.821) 1.02154
0.831) 1.01257
0.84) 1.00359
0.85) 0.99461
0.86) 0.98563
0.87) 0.97665
0.88) 0.96767
0.89) 0.9587
0.9) 0.94973
0.91) 0.94077
0.92) 0.93182
0.93) 0.92288
0.941) 0.91395
0.951) 0.90504
0.96) 0.89614
0.97) 0.88726
0.98) 0.8784
0.99) 0.86956
1.0) 0.86074
1.01) 0.85194
1.02) 0.84316
1.03) 0.8344
1.04) 0.82567
1.05) 0.81696
1.06) 0.80828
1.07) 0.79963
1.08) 0.791
1.09) 0.7824
1.1) 0.77383
1.11) 0.76529
1.12) 0.75678
1.131) 0.7483
1.141) 0.73986
1.151) 0.73145
1.16) 0.72307
1.17) 0.71473
1.18) 0.70642
1.19) 0.69815
1.2) 0.68991
1.21) 0.68171
1.22) 0.67354
1.23) 0.66541
1.24) 0.65732
1.25) 0.64926
1.26) 0.64124
1.27) 0.63326
1.28) 0.62532
1.29) 0.61742
1.3) 0.60955
1.31) 0.60172
1.32) 0.59393
1.33) 0.58618
1.34) 0.57847
1.35) 0.5708
1.36) 0.56316
1.37) 0.55556
1.381) 0.548
1.391) 0.54048
1.401) 0.533
1.41) 0.52556
1.42) 0.51815
1.43) 0.51078
1.44) 0.50345
1.45) 0.49616
1.46) 0.48891
1.47) 0.48169
1.48) 0.47451
1.49) 0.46737
1.5) 0.46026
1.51) 0.45319
1.52) 0.44616
1.53) 0.43916
1.54) 0.4322
1.55) 0.42527
1.56) 0.41838
1.57) 0.41152
1.58) 0.4047
1.59) 0.39791
1.6) 0.39116
1.61) 0.38444
1.62) 0.37775
1.631) 0.3711
1.641) 0.36448
1.651) 0.35789
1.661) 0.35133
1.67) 0.3448
1.68) 0.3383
1.69) 0.33183
1.7) 0.32539
1.71) 0.31898
1.72) 0.3126
1.73) 0.30625
1.74) 0.29993
1.75) 0.29364
1.76) 0.28737
1.77) 0.28113
1.78) 0.27492
1.79) 0.26873
1.8) 0.26257
1.81) 0.25643
1.82) 0.25032
1.83) 0.24423
1.84) 0.23817
1.85) 0.23213
1.86) 0.22611
1.87) 0.22011
1.881) 0.21413
1.891) 0.20818
1.901) 0.20225
1.911) 0.19634
1.92) 0.19045
1.93) 0.18457
1.94) 0.17871
1.95) 0.17287
1.96) 0.16705
1.97) 0.16124
1.98) 0.15545
1.99) 0.14968
2.0) 0.14392
2.012) 0.13818
2.02) 0.13245
2.032) 0.12673
2.04) 0.12103
2.05) 0.11534
2.06) 0.10966
2.07) 0.10399
2.08) 0.09833
2.09) 0.09268
2.1) 0.08704
2.11) 0.08141
2.12) 0.07579
2.13) 0.07018
2.14) 0.06458
2.15) 0.05898
2.16) 0.05339
2.17) 0.04781
2.18) 0.04223
2.19) 0.03666
2.2) 0.03109
2.21) 0.02552
2.22) 0.01996
2.23) 0.0144
2.24) 0.00884
2.25) 0.00328
2.262) -0.00228
2.27) -0.00784
2.282) -0.0134
2.29) -0.01896
2.303) -0.02452
2.31) -0.03008
2.32) -0.03564
2.33) -0.04121
2.34) -0.04678
2.35) -0.05235
2.36) -0.05793
2.37) -0.06351
2.38) -0.0691
2.39) -0.07469
2.4) -0.08029
2.41) -0.0859
2.42) -0.09152
2.43) -0.09715
2.44) -0.10278
2.45) -0.10842
2.46) -0.11407
2.47) -0.11974
2.48) -0.12542
2.49) -0.13111
2.5) -0.13681
2.512) -0.14252
2.52) -0.14825
2.532) -0.15399
2.54) -0.15975
2.553) -0.16552
2.56) -0.17131
2.57) -0.17711
2.58) -0.18293
2.59) -0.18877
2.6) -0.19462
2.61) -0.20049
2.62) -0.20638
2.63) -0.21229
2.64) -0.21822
2.65) -0.22417
2.66) -0.23014
2.67) -0.23613
2.68) -0.24214
2.69) -0.24818
2.7) -0.25424
2.71) -0.26032
2.72) -0.26643
2.73) -0.27256
2.74) -0.27872
2.75) -0.2849
2.762) -0.29111
2.77) -0.29734
2.782) -0.3036
2.79) -0.30989
2.803) -0.3162
2.81) -0.32254
2.82) -0.32891
2.83) -0.33531
2.84) -0.34174
2.85) -0.3482
2.86) -0.35469
2.87) -0.36121
2.88) -0.36776
2.89) -0.37434
2.9) -0.38095
2.91) -0.3876
2.92) -0.39428
2.93) -0.40099
2.94) -0.40773
2.95) -0.41451
2.96) -0.42132
2.97) -0.42817
2.98) -0.43505
2.99) -0.44197
3.0) -0.44892
3.012) -0.45591
3.02) -0.46293
3.032) -0.46999
3.04) -0.47708
3.053) -0.48421
3.06) -0.49138
3.073) -0.49859
3.08) -0.50583
3.09) -0.51311
3.1) -0.52043
3.11) -0.52779
3.12) -0.53518
3.13) -0.54261
3.14) -0.55008
3.15) -0.55759
3.16) -0.56514
3.17) -0.57272
3.18) -0.58034
3.19) -0.588
3.2) -0.5957
3.21) -0.60344
3.22) -0.61122
3.23) -0.61904
3.24) -0.62689
3.25) -0.63478
3.262) -0.64271
3.27) -0.65068
3.282) -0.65869
3.29) -0.66673
3.303) -0.67481
3.31) -0.68293
3.323) -0.69108
3.33) -0.69927
3.34) -0.7075
3.35) -0.71576
3.36) -0.72406
3.37) -0.73239
3.38) -0.74076
3.39) -0.74916
3.4) -0.75759
3.41) -0.76606
3.42) -0.77456
3.43) -0.78309
3.44) -0.79165
3.45) -0.80024
3.46) -0.80886
3.47) -0.81751
3.48) -0.82619
3.49) -0.8349
3.5) -0.84363
3.512) -0.85239
3.52) -0.86117
3.532) -0.86998
3.54) -0.87881
3.553) -0.88766
3.56) -0.89653
3.573) -0.90542
3.58) -0.91433
3.59) -0.92325
3.6) -0.93219
3.61) -0.94114
3.62) -0.9501
3.63) -0.95907
3.64) -0.96805
3.65) -0.97704
3.66) -0.98604
3.67) -0.99504
3.68) -1.00404
3.69) -1.01304
3.7) -1.02204
3.71) -1.03104
3.72) -1.04004
3.73) -1.04903
3.74) -1.05801
3.75) -1.06698
3.762) -1.07594
3.77) -1.08488
3.782) -1.09381
3.79) -1.10272
3.803) -1.11161
3.81) -1.12047
3.823) -1.12931
3.83) -1.13812
3.84) -1.1469
3.85) -1.15564
3.86) -1.16435
3.87) -1.17302
3.88) -1.18165
3.89) -1.19023
3.9) -1.19876
3.91) -1.20725
3.92) -1.21568
3.93) -1.22406
3.94) -1.23238
3.95) -1.24064
3.96) -1.24883
3.97) -1.25696
3.98) -1.26502
3.99) -1.273
4.0) -1.28091
4.01) -1.28874
4.025) -1.29649
4.03) -1.30415
4.04) -1.31172
4.05) -1.3192
4.065) -1.32659
4.07) -1.33388
4.08) -1.34107
4.09) -1.34816
4.1) -1.35514
4.11) -1.36201
4.12) -1.36877
4.13) -1.37541
4.14) -1.38193
4.15) -1.38833
4.16) -1.3946
4.17) -1.40074
4.18) -1.40675
4.19) -1.41263
4.2) -1.41837
4.21) -1.42397
4.22) -1.42942
4.23) -1.43473
4.24) -1.43989
4.25) -1.4449
4.26) -1.44975
4.275) -1.45444
4.28) -1.45898
4.29) -1.46335
4.3) -1.46756
4.315) -1.4716
4.32) -1.47547
4.33) -1.47917
4.34) -1.4827
4.355) -1.48605
4.36) -1.48922
4.37) -1.49221
4.38) -1.49502
4.39) -1.49765
4.4) -1.50009
4.41) -1.50235
4.42) -1.50442
4.43) -1.5063
4.44) -1.50799
4.45) -1.50949
4.46) -1.5108
4.47) -1.51192
4.48) -1.51284
4.49) -1.51357
4.5) -1.5141
4.51) -1.51444
4.525) -1.51458
4.53) -1.51453
4.54) -1.51428
4.55) -1.51383
4.565) -1.51319
4.57) -1.51235
4.58) -1.51132
4.59) -1.51009
4.605) -1.50867
4.61) -1.50705
4.62) -1.50524
4.63) -1.50324
4.64) -1.50105
4.65) -1.49867
4.66) -1.4961
4.67) -1.49335
4.68) -1.49041
4.69) -1.48729
4.7) -1.48399
4.71) -1.4805
4.72) -1.47684
4.73) -1.473
4.74) -1.46899
4.75) -1.4648
4.76) -1.46044
4.775) -1.45592
4.78) -1.45123
4.79) -1.44638
4.8) -1.44137
4.815) -1.4362
4.82) -1.43087
4.83) -1.42539
4.84) -1.41976
4.855) -1.41398
4.86) -1.40806
4.87) -1.402
4.88) -1.3958
4.89) -1.38946
4.9) -1.38299
4.91) -1.37639
4.92) -1.36967
4.93) -1.36282
4.94) -1.35585
4.95) -1.34877
4.96) -1.34157
4.97) -1.33426
4.98) -1.32684
4.99) -1.31932
5.0) -1.3117
5.01) -1.30398
5.025) -1.29617
5.03) -1.28827
5.04) -1.28028
5.05) -1.2722
5.065) -1.26404
5.07) -1.2558
5.08) -1.24749
5.09) -1.2391
5.105) -1.23065
5.11) -1.22213
5.12) -1.21355
5.13) -1.20491
5.14) -1.19621
5.15) -1.18745
5.16) -1.17864
5.17) -1.16978
5.18) -1.16088
5.19) -1.15193
5.2) -1.14294
5.21) -1.13392
5.22) -1.12486
5.23) -1.11577
5.24) -1.10665
5.25) -1.0975
5.26) -1.08833
5.275) -1.07913
5.28) -1.06991
5.29) -1.06068
5.3) -1.05143
5.315) -1.04217
5.32) -1.0329
5.33) -1.02362
5.34) -1.01433
5.355) -1.00504
5.36) -0.99574
5.37) -0.98644
5.38) -0.97714
5.39) -0.96785
5.4) -0.95856
5.41) -0.94928
5.42) -0.94
5.43) -0.93073
5.44) -0.92147
5.45) -0.91223
5.46) -0.903
5.47) -0.89379
5.48) -0.88459
5.49) -0.87541
5.5) -0.86625
5.51) -0.85711
5.525) -0.84799
5.53) -0.83889
5.54) -0.82982
5.55) -0.82077
5.565) -0.81175
5.57) -0.80276
5.58) -0.79379
5.59) -0.78485
5.605) -0.77594
5.61) -0.76706
5.62) -0.75821
5.63) -0.74939
5.64) -0.74061
5.65) -0.73186
5.66) -0.72314
5.67) -0.71446
5.68) -0.70581
5.69) -0.6972
5.7) -0.68862
5.71) -0.68008
5.72) -0.67157
5.73) -0.6631
5.74) -0.65467
5.75) -0.64627
5.76) -0.63791
5.775) -0.62959
5.78) -0.62131
5.79) -0.61306
5.8) -0.60485
5.815) -0.59668
5.82) -0.58855
5.83) -0.58046
5.84) -0.57241
5.855) -0.5644
5.86) -0.55642
5.87) -0.54848
5.88) -0.54058
5.89) -0.53272
5.9) -0.5249
5.91) -0.51712
5.92) -0.50937
5.93) -0.50166
5.94) -0.49399
5.95) -0.48636
5.96) -0.47876
5.97) -0.4712
5.98) -0.46368
5.99) -0.45619
6.0) -0.44874
6.01) -0.44133
6.025) -0.43395
6.03) -0.42661
6.04) -0.4193
6.05) -0.41203
6.065) -0.40479
6.07) -0.39759
6.08) -0.39042
6.09) -0.38328
6.105) -0.37618
6.11) -0.36911
6.12) -0.36207
6.13) -0.35506
6.14) -0.34809
6.15) -0.34115
6.16) -0.33424
6.17) -0.32736
6.18) -0.32051
6.19) -0.31369
6.2) -0.3069
6.21) -0.30013
6.22) -0.29339
6.23) -0.28668
6.24) -0.28
6.25) -0.27334
6.26) -0.26671
6.275) -0.2601
6.28) -0.25352
6.29) -0.24696
6.3) -0.24043
6.315) -0.23392
6.32) -0.22743
6.33) -0.22096
6.34) -0.21452
6.355) -0.2081
6.36) -0.2017
6.37) -0.19532
6.38) -0.18896
6.39) -0.18261
6.4) -0.17628
6.41) -0.16997
6.42) -0.16368
6.43) -0.1574
6.44) -0.15114
6.45) -0.1449
6.46) -0.13867
6.47) -0.13245
6.48) -0.12625
6.49) -0.12006
6.5) -0.11388
6.51) -0.10772
6.525) -0.10157
6.53) -0.09543
6.54) -0.0893
6.55) -0.08318
6.565) -0.07707
6.57) -0.07096
6.58) -0.06486
6.59) -0.05877
6.605) -0.05269
6.61) -0.04661
6.62) -0.04054
6.63) -0.03447
6.64) -0.02841
6.65) -0.02235
6.66) -0.01629
6.67) -0.01023
6.68) -0.00418
6.69) 0.00187
6.7) 0.00792
6.71) 0.01397
6.72) 0.02002
6.73) 0.02608
6.74) 0.03214
6.75) 0.0382
6.76) 0.04426
6.775) 0.05033
6.78) 0.0564
6.79) 0.06248
6.8) 0.06856
6.815) 0.07465
6.82) 0.08075
6.83) 0.08685
6.84) 0.09296
6.855) 0.09908
6.86) 0.10521
6.87) 0.11135
6.88) 0.1175
6.89) 0.12366
6.9) 0.12983
6.91) 0.13601
6.92) 0.14221
6.93) 0.14842
6.94) 0.15464
6.95) 0.16088
6.96) 0.16713
6.97) 0.1734
6.98) 0.17969
6.99) 0.18599
7.0) 0.19231
7.01) 0.19865
7.025) 0.20501
7.03) 0.21138
7.04) 0.21777
7.05) 0.22418
7.065) 0.23062
7.07) 0.23708
7.08) 0.24356
7.09) 0.25006
7.105) 0.25658
7.11) 0.26313
7.12) 0.2697
7.13) 0.2763
7.14) 0.28292
7.15) 0.28957
7.16) 0.29624
7.17) 0.30294
7.18) 0.30967
7.19) 0.31642
7.2) 0.3232
7.21) 0.33001
7.22) 0.33685
7.23) 0.34372
7.24) 0.35062
7.25) 0.35755
7.26) 0.36451
7.275) 0.3715
7.28) 0.37852
7.29) 0.38557
7.3) 0.39266
7.315) 0.39978
7.32) 0.40693
7.33) 0.41412
7.34) 0.42134
7.355) 0.42859
7.36) 0.43588
7.37) 0.4432
7.38) 0.45056
7.39) 0.45795
7.4) 0.46538
7.41) 0.47285
7.42) 0.48035
7.43) 0.48789
7.44) 0.49547
7.45) 0.50308
7.46) 0.51073
7.47) 0.51842
7.48) 0.52615
7.49) 0.53391
7.5) 0.54171
7.51) 0.54955
7.525) 0.55743
7.53) 0.56535
7.54) 0.57331
7.55) 0.5813
7.565) 0.58933
7.57) 0.5974
7.58) 0.60551
7.59) 0.61366
7.605) 0.62185
7.61) 0.63008
7.62) 0.63834
7.63) 0.64664
7.64) 0.65498
7.65) 0.66336
7.66) 0.67177
7.67) 0.68022
7.68) 0.68871
7.69) 0.69723
7.7) 0.70579
7.71) 0.71439
7.72) 0.72302
7.73) 0.73169
7.74) 0.74039
7.75) 0.74913
7.76) 0.7579
7.775) 0.7667
7.78) 0.77553
7.79) 0.7844
7.8) 0.7933
7.815) 0.80223
7.82) 0.81119
7.83) 0.82018
7.84) 0.82919
7.855) 0.83823
7.86) 0.8473
7.87) 0.85639
7.88) 0.8655
7.89) 0.87464
7.9) 0.8838
7.91) 0.89298
7.92) 0.90218
7.93) 0.9114
7.94) 0.92063
7.95) 0.92988
7.96) 0.93914
7.97) 0.94842
7.98) 0.95771
7.99) 0.96701
8.0) 0.97631
8.01) 0.98562
8.02) 0.99493
8.03) 1.00425
8.04) 1.01357
8.05) 1.02289
8.06) 1.03221
8.07) 1.04152
8.08) 1.05082
8.09) 1.06011
8.1) 1.06939
8.11) 1.07866
8.12) 1.08792
8.13) 1.09716
8.14) 1.10638
8.15) 1.11558
8.16) 1.12475
8.17) 1.13389
8.18) 1.143
8.19) 1.15208
8.2) 1.16113
8.21) 1.17014
8.22) 1.17911
8.23) 1.18803
8.24) 1.19691
8.25) 1.20574
8.26) 1.21452
8.27) 1.22324
8.28) 1.23191
8.29) 1.24051
8.3) 1.24905
8.31) 1.25752
8.32) 1.26592
8.33) 1.27425
8.34) 1.2825
8.35) 1.29068
8.36) 1.29877
8.37) 1.30678
8.38) 1.3147
8.39) 1.32253
8.4) 1.33026
8.41) 1.33789
8.42) 1.34542
8.43) 1.35284
8.44) 1.36015
8.45) 1.36735
8.46) 1.37444
8.47) 1.38141
8.48) 1.38825
8.49) 1.39497
8.5) 1.40156
8.51) 1.40802
8.52) 1.41434
8.53) 1.42052
8.54) 1.42656
8.55) 1.43246
8.56) 1.43821
8.57) 1.44381
8.58) 1.44926
8.59) 1.45455
8.6) 1.45968
8.61) 1.46465
8.62) 1.46945
8.63) 1.47409
8.64) 1.47855
8.65) 1.48284
8.66) 1.48696
8.67) 1.4909
8.68) 1.49466
8.69) 1.49824
8.71) 1.50163
8.71) 1.50484
8.72) 1.50786
8.73) 1.51069
8.74) 1.51332
8.75) 1.51576
8.76) 1.51801
8.77) 1.52006
8.78) 1.52191
8.79) 1.52356
8.8) 1.52501
8.81) 1.52626
8.82) 1.52731
8.83) 1.52816
8.84) 1.5288
8.85) 1.52924
8.86) 1.52947
8.87) 1.5295
8.88) 1.52932
8.89) 1.52894
8.9) 1.52835
8.91) 1.52756
8.92) 1.52657
8.93) 1.52537
8.94) 1.52397
8.95) 1.52237
8.96) 1.52056
8.97) 1.51855
8.98) 1.51634
8.99) 1.51394
9.0) 1.51134
9.01) 1.50854
9.02) 1.50555
9.03) 1.50237
9.04) 1.499
9.05) 1.49544
9.06) 1.49169
9.07) 1.48776
9.08) 1.48364
9.09) 1.47934
9.1) 1.47486
9.11) 1.47021
9.12) 1.46539
9.13) 1.46039
9.14) 1.45523
9.15) 1.4499
9.16) 1.44441
9.17) 1.43876
9.18) 1.43295
9.19) 1.42699
9.21) 1.42088
9.21) 1.41462
9.22) 1.40821
9.23) 1.40166
9.24) 1.39497
9.25) 1.38815
9.26) 1.3812
9.27) 1.37412
9.28) 1.36691
9.29) 1.35958
9.3) 1.35213
9.31) 1.34457
9.32) 1.33689
9.33) 1.32911
9.34) 1.32122
9.35) 1.31323
9.36) 1.30514
9.37) 1.29695
9.38) 1.28867
9.39) 1.2803
9.4) 1.27185
9.41) 1.26332
9.42) 1.25471
9.43) 1.24602
9.44) 1.23726
9.45) 1.22843
9.46) 1.21954
9.47) 1.21058
9.48) 1.20157
9.49) 1.1925
9.5) 1.18338
9.51) 1.17421
9.52) 1.16499
9.53) 1.15572
9.54) 1.14641
9.55) 1.13706
9.56) 1.12768
9.57) 1.11826
9.58) 1.10881
9.59) 1.09934
9.6) 1.08984
9.61) 1.08032
9.62) 1.07078
9.63) 1.06122
9.64) 1.05164
9.65) 1.04205
9.66) 1.03245
9.67) 1.02284
9.68) 1.01322
9.69) 1.0036
9.71) 0.99397
9.71) 0.98434
9.72) 0.97472
9.73) 0.9651
9.74) 0.95548
9.75) 0.94587
9.76) 0.93627
9.77) 0.92668
9.78) 0.9171
9.79) 0.90753
9.8) 0.89798
9.81) 0.88844
9.82) 0.87892
9.83) 0.86942
9.84) 0.85994
9.85) 0.85048
9.86) 0.84104
9.87) 0.83163
9.88) 0.82224
9.89) 0.81288
9.9) 0.80354
9.91) 0.79423
9.92) 0.78495
9.93) 0.7757
9.94) 0.76648
9.95) 0.75729
9.96) 0.74813
9.97) 0.739
9.98) 0.72991
9.99) 0.72085
10.0) 0.71182
10.01) 0.70283
10.02) 0.69387
10.03) 0.68495
10.04) 0.67607
10.05) 0.66722
10.06) 0.65841
10.07) 0.64964
10.08) 0.6409
10.09) 0.6322
10.1) 0.62354
10.11) 0.61492
10.12) 0.60633
10.13) 0.59778
10.14) 0.58927
10.15) 0.5808
10.16) 0.57237
10.17) 0.56398
10.18) 0.55562
10.19) 0.5473
10.21) 0.53902
10.21) 0.53078
10.22) 0.52258
10.23) 0.51442
10.24) 0.50629
10.25) 0.4982
10.26) 0.49015
10.27) 0.48214
10.28) 0.47416
10.29) 0.46622
10.3) 0.45832
10.31) 0.45045
10.32) 0.44262
10.33) 0.43483
10.34) 0.42707
10.35) 0.41935
10.36) 0.41166
10.37) 0.40401
10.38) 0.39639
10.39) 0.38881
10.4) 0.38126
10.41) 0.37374
10.42) 0.36625
10.43) 0.3588
10.44) 0.35138
10.45) 0.34399
10.46) 0.33663
10.47) 0.3293
10.48) 0.322
10.49) 0.31473
10.5) 0.30749
10.51) 0.30028
10.52) 0.29309
10.53) 0.28593
10.54) 0.2788
10.55) 0.2717
10.56) 0.26462
10.57) 0.25757
10.58) 0.25054
10.59) 0.24353
10.6) 0.23655
10.61) 0.22959
10.62) 0.22265
10.63) 0.21574
10.64) 0.20885
10.65) 0.20198
10.66) 0.19513
10.67) 0.1883
10.68) 0.18149
10.69) 0.17469
10.71) 0.16791
10.71) 0.16115
10.72) 0.1544
10.73) 0.14767
10.74) 0.14096
10.75) 0.13426
10.76) 0.12757
10.77) 0.1209
10.78) 0.11424
10.79) 0.10759
10.8) 0.10095
10.81) 0.09432
10.82) 0.0877
10.83) 0.08109
10.84) 0.07449
10.85) 0.0679
10.86) 0.06132
10.87) 0.05474
10.88) 0.04817
10.89) 0.0416
10.9) 0.03504
10.91) 0.02848
10.92) 0.02193
10.93) 0.01538
10.94) 0.00883
10.95) 0.00228
10.96) -0.00427
10.97) -0.01082
10.98) -0.01737
10.99) -0.02392
11.0) -0.03047
11.01) -0.03702
11.02) -0.04357
11.03) -0.05013
11.04) -0.05669
11.05) -0.06326
11.06) -0.06983
11.07) -0.07641
11.08) -0.083
11.09) -0.08959
11.1) -0.09619
11.11) -0.1028
11.12) -0.10942
11.13) -0.11605
11.14) -0.12269
11.15) -0.12934
11.16) -0.136
11.17) -0.14268
11.18) -0.14937
11.19) -0.15607
11.21) -0.16279
11.21) -0.16952
11.22) -0.17627
11.23) -0.18304
11.24) -0.18982
11.25) -0.19662
11.26) -0.20344
11.27) -0.21028
11.28) -0.21714
11.29) -0.22402
11.3) -0.23092
11.31) -0.23784
11.32) -0.24478
11.33) -0.25174
11.34) -0.25873
11.35) -0.26574
11.36) -0.27278
11.37) -0.27984
11.38) -0.28693
11.39) -0.29404
11.4) -0.30118
11.41) -0.30834
11.42) -0.31553
11.43) -0.32275
11.44) -0.33
11.45) -0.33728
11.46) -0.34459
11.47) -0.35193
11.48) -0.3593
11.49) -0.3667
11.5) -0.37413
11.51) -0.38159
11.52) -0.38908
11.53) -0.3966
11.54) -0.40416
11.55) -0.41175
11.56) -0.41938
11.57) -0.42704
11.58) -0.43473
11.59) -0.44246
11.6) -0.45022
11.61) -0.45802
11.62) -0.46586
11.63) -0.47373
11.64) -0.48164
11.65) -0.48959
11.66) -0.49757
11.67) -0.50559
11.68) -0.51365
11.69) -0.52174
11.71) -0.52987
11.71) -0.53804
11.72) -0.54625
11.73) -0.5545
11.74) -0.56278
11.75) -0.5711
11.76) -0.57946
11.77) -0.58786
11.78) -0.5963
11.79) -0.60478
11.8) -0.6133
11.81) -0.62185
11.82) -0.63044
11.83) -0.63907
11.84) -0.64774
11.85) -0.65645
11.86) -0.66519
11.87) -0.67397
11.88) -0.68279
11.89) -0.69164
11.9) -0.70053
11.91) -0.70946
11.92) -0.71842
11.93) -0.72742
11.94) -0.73645
11.95) -0.74552
11.96) -0.75462
11.97) -0.76375
11.98) -0.77292
11.99) -0.78212
12.0) -0.79135
12.01) -0.80061
12.02) -0.8099
12.03) -0.81922
12.04) -0.82857
12.05) -0.83794
12.06) -0.84734
12.07) -0.85676
12.08) -0.86621
12.09) -0.87568
12.1) -0.88517
12.11) -0.89468
12.12) -0.90421
12.13) -0.91376
12.14) -0.92333
12.15) -0.93291
12.16) -0.94251
12.17) -0.95212
12.18) -0.96174
12.19) -0.97137
12.21) -0.981
12.21) -0.99064
12.22) -1.00028
12.23) -1.00992
12.24) -1.01956
12.25) -1.0292
12.26) -1.03884
12.27) -1.04847
12.28) -1.05809
12.29) -1.0677
12.3) -1.0773
12.31) -1.08689
12.32) -1.09646
12.33) -1.10601
12.34) -1.11554
12.35) -1.12504
12.36) -1.13452
12.37) -1.14397
12.38) -1.15338
12.39) -1.16276
12.4) -1.1721
12.41) -1.1814
12.42) -1.19065
12.43) -1.19986
12.44) -1.20902
12.45) -1.21813
12.46) -1.22718
12.47) -1.23617
12.48) -1.2451
12.49) -1.25396
12.5) -1.26275
12.51) -1.27147
12.52) -1.28012
12.53) -1.28869
12.54) -1.29718
12.55) -1.30558
12.56) -1.31389
12.57) -1.32211
12.58) -1.33024
12.59) -1.33827
12.6) -1.3462
12.61) -1.35402
12.62) -1.36173
12.63) -1.36933
12.64) -1.37681
12.65) -1.38417
12.66) -1.39141
12.67) -1.39852
12.68) -1.4055
12.69) -1.41235
12.71) -1.41906
12.71) -1.42563
12.72) -1.43206
12.73) -1.43834
12.74) -1.44447
12.75) -1.45044
12.76) -1.45626
12.77) -1.46192
12.78) -1.46741
12.79) -1.47274
12.8) -1.4779
12.81) -1.48289
12.82) -1.4877
12.83) -1.49233
12.84) -1.49678
12.85) -1.50105
12.86) -1.50513
12.87) -1.50903
12.88) -1.51274
12.89) -1.51625
12.9) -1.51957
12.91) -1.52269
12.92) -1.52561
12.93) -1.52833
12.94) -1.53085
12.95) -1.53316
12.96) -1.53527
12.97) -1.53717
12.98) -1.53886
12.99) -1.54034
13.0) -1.54161
13.01) -1.54267
13.02) -1.54352
13.03) -1.54416
13.04) -1.54458
13.05) -1.54479
13.06) -1.54479
13.07) -1.54457
13.08) -1.54414
13.09) -1.54349
13.1) -1.54263
13.11) -1.54156
13.12) -1.54027
13.13) -1.53877
13.14) -1.53706
13.15) -1.53514
13.16) -1.53301
13.17) -1.53067
13.18) -1.52812
13.19) -1.52537
13.21) -1.52242
13.21) -1.51926
13.22) -1.5159
13.23) -1.51234
13.24) -1.50859
13.25) -1.50464
13.26) -1.5005
13.27) -1.49617
13.28) -1.49165
13.29) -1.48695
13.3) -1.48206
13.31) -1.47699
13.32) -1.47175
13.33) -1.46633
13.34) -1.46074
13.35) -1.45498
13.36) -1.44906
13.37) -1.44297
13.38) -1.43672
13.39) -1.43032
13.4) -1.42376
13.41) -1.41706
13.42) -1.41021
13.43) -1.40322
13.44) -1.39609
13.45) -1.38882
13.46) -1.38142
13.47) -1.37389
13.48) -1.36623
13.49) -1.35845
13.5) -1.35055
13.51) -1.34254
13.52) -1.33442
13.53) -1.32619
13.54) -1.31786
13.55) -1.30942
13.56) -1.30089
13.57) -1.29226
13.58) -1.28354
13.59) -1.27474
13.6) -1.26585
13.61) -1.25688
13.62) -1.24784
13.63) -1.23873
13.64) -1.22955
13.65) -1.2203
13.66) -1.21099
13.67) -1.20162
13.68) -1.19219
13.69) -1.18271
13.71) -1.17318
13.71) -1.1636
13.72) -1.15398
13.73) -1.14431
13.74) -1.13461
13.75) -1.12487
13.76) -1.1151
13.77) -1.1053
13.78) -1.09547
13.79) -1.08562
13.8) -1.07575
13.81) -1.06586
13.82) -1.05595
13.83) -1.04602
13.84) -1.03608
13.85) -1.02613
13.86) -1.01617
13.87) -1.00621
13.88) -0.99625
13.89) -0.98628
13.9) -0.97632
13.91) -0.96636
13.92) -0.9564
13.93) -0.94645
13.94) -0.93651
13.95) -0.92658
13.96) -0.91666
13.97) -0.90675
13.98) -0.89686
13.99) -0.88698
14.0) -0.87712
14.01) -0.86728
14.02) -0.85746
14.03) -0.84766
14.04) -0.83788
14.05) -0.82813
14.06) -0.8184
14.07) -0.8087
14.08) -0.79903
14.09) -0.78938
14.1) -0.77976
14.11) -0.77017
14.12) -0.76061
14.13) -0.75108
14.14) -0.74159
14.15) -0.73213
14.16) -0.7227
14.17) -0.71331
14.18) -0.70395
14.19) -0.69463
14.21) -0.68534
14.21) -0.67609
14.22) -0.66687
14.23) -0.65769
14.24) -0.64855
14.25) -0.63944
14.26) -0.63037
14.27) -0.62134
14.28) -0.61235
14.29) -0.6034
14.3) -0.59448
14.31) -0.5856
14.32) -0.57676
14.33) -0.56796
14.34) -0.5592
14.35) -0.55048
14.36) -0.54179
14.37) -0.53314
14.38) -0.52453
14.39) -0.51596
14.4) -0.50743
14.41) -0.49894
14.42) -0.49048
14.43) -0.48206
14.44) -0.47368
14.45) -0.46533
14.46) -0.45702
14.47) -0.44875
14.48) -0.44051
14.49) -0.43231
14.5) -0.42415
14.51) -0.41602
14.52) -0.40793
14.53) -0.39987
14.54) -0.39184
14.55) -0.38385
14.56) -0.37589
14.57) -0.36796
14.58) -0.36007
14.59) -0.35221
14.6) -0.34438
14.61) -0.33658
14.62) -0.32881
14.63) -0.32107
14.64) -0.31336
14.65) -0.30568
14.66) -0.29803
14.67) -0.2904
14.68) -0.2828
14.69) -0.27523
14.71) -0.26768
14.71) -0.26016
14.72) -0.25266
14.73) -0.24519
14.74) -0.23774
14.75) -0.23032
14.76) -0.22292
14.77) -0.21554
14.78) -0.20818
14.79) -0.20084
14.8) -0.19352
14.81) -0.18622
14.82) -0.17894
14.83) -0.17168
14.84) -0.16443
14.85) -0.1572
14.86) -0.14999
14.87) -0.14279
14.88) -0.13561
14.89) -0.12844
14.9) -0.12128
14.91) -0.11414
14.92) -0.10701
14.93) -0.09989
14.94) -0.09278
14.95) -0.08568
14.96) -0.07859
14.97) -0.07151
14.98) -0.06444
14.99) -0.05737
15.0) -0.05031
15.01) -0.04326
15.02) -0.03621
15.03) -0.02916
15.04) -0.02212
15.05) -0.01508
15.06) -0.00804
15.07) -0.0010
15.08) 0.00603
15.09) 0.01306
15.1) 0.02009
15.11) 0.02713
15.12) 0.03417
15.13) 0.04121
15.14) 0.04825
15.15) 0.0553
15.16) 0.06235
15.17) 0.06941
15.18) 0.07647
15.19) 0.08354
15.21) 0.09062
15.21) 0.09771
15.22) 0.10481
15.23) 0.11192
15.24) 0.11904
15.25) 0.12617
15.26) 0.13331
15.27) 0.14046
15.28) 0.14763
15.29) 0.15481
15.3) 0.162
15.31) 0.16921
15.32) 0.17643
15.33) 0.18367
15.34) 0.19093
15.35) 0.19821
15.36) 0.2055
15.37) 0.21281
15.38) 0.22014
15.39) 0.22749
15.4) 0.23486
15.41) 0.24226
15.42) 0.24968
15.43) 0.25712
15.44) 0.26458
15.45) 0.27207
15.46) 0.27958
15.47) 0.28712
15.48) 0.29468
15.49) 0.30227
15.5) 0.30989
15.51) 0.31753
15.52) 0.3252
15.53) 0.3329
15.54) 0.34063
15.55) 0.34839
15.56) 0.35618
15.57) 0.364
15.58) 0.37185
15.59) 0.37973
15.6) 0.38764
15.61) 0.39559
15.62) 0.40357
15.63) 0.41158
15.64) 0.41963
15.65) 0.42771
15.66) 0.43583
15.67) 0.44398
15.68) 0.45217
15.69) 0.46039
15.71) 0.46865
15.71) 0.47694
15.72) 0.48527
15.73) 0.49364
15.74) 0.50204
15.75) 0.51048
15.76) 0.51896
15.77) 0.52748
15.78) 0.53604
15.79) 0.54463
15.8) 0.55326
15.81) 0.56193
15.82) 0.57064
15.83) 0.57939
15.84) 0.58818
15.85) 0.597
15.86) 0.60586
15.87) 0.61476
15.88) 0.6237
15.89) 0.63268
15.9) 0.6417
15.91) 0.65075
15.92) 0.65984
15.93) 0.66897
15.94) 0.67814
15.95) 0.68734
15.96) 0.69658
15.97) 0.70586
15.98) 0.71517
15.99) 0.72452
16.0) 0.7339
16.01) 0.74332
16.02) 0.75277
16.03) 0.76225
16.04) 0.77177
16.05) 0.78132
16.06) 0.7909
16.07) 0.80051
16.08) 0.81015
16.09) 0.81982
16.1) 0.82952
16.11) 0.83924
16.12) 0.84899
16.13) 0.85876
16.14) 0.86856
16.15) 0.87838
16.16) 0.88822
16.17) 0.89808
16.18) 0.90796
16.19) 0.91786
16.2) 0.92777
16.21) 0.9377
16.22) 0.94764
16.23) 0.95759
16.24) 0.96755
16.25) 0.97752
16.26) 0.9875
16.27) 0.99748
16.28) 1.00746
16.29) 1.01744
16.3) 1.02742
16.31) 1.0374
16.32) 1.04737
16.33) 1.05733
16.34) 1.06728
16.35) 1.07722
16.36) 1.08715
16.37) 1.09706
16.38) 1.10695
16.39) 1.11682
16.4) 1.12666
16.41) 1.13647
16.42) 1.14625
16.43) 1.156
16.44) 1.16571
16.45) 1.17539
16.46) 1.18502
16.47) 1.19461
16.48) 1.20415
16.49) 1.21364
16.5) 1.22308
16.51) 1.23246
16.52) 1.24178
16.53) 1.25103
16.54) 1.26022
16.55) 1.26934
16.56) 1.27838
16.57) 1.28734
16.58) 1.29622
16.59) 1.30502
16.6) 1.31373
16.61) 1.32235
16.62) 1.33087
16.63) 1.33929
16.64) 1.34761
16.65) 1.35583
16.66) 1.36394
16.67) 1.37193
16.68) 1.3798
16.69) 1.38755
16.7) 1.39518
16.71) 1.40268
16.72) 1.41005
16.73) 1.41728
16.74) 1.42437
16.75) 1.43132
16.76) 1.43812
16.77) 1.44477
16.78) 1.45127
16.79) 1.45761
16.8) 1.46379
16.81) 1.46981
16.82) 1.47566
16.83) 1.48134
16.84) 1.48685
16.85) 1.49218
16.86) 1.49733
16.87) 1.5023
16.88) 1.50708
16.89) 1.51167
16.9) 1.51607
16.91) 1.52028
16.92) 1.52429
16.93) 1.5281
16.94) 1.53171
16.95) 1.53511
16.96) 1.53831
16.97) 1.5413
16.98) 1.54408
16.99) 1.54665
17.0) 1.549
17.01) 1.55114
17.02) 1.55306
17.03) 1.55476
17.04) 1.55624
17.05) 1.5575
17.06) 1.55854
17.07) 1.55936
17.08) 1.55996
17.09) 1.56034
17.1) 1.56049
17.11) 1.56042
17.12) 1.56012
17.13) 1.5596
17.14) 1.55886
17.15) 1.55789
17.16) 1.5567
17.17) 1.55529
17.18) 1.55366
17.19) 1.55181
17.2) 1.54974
17.21) 1.54745
17.22) 1.54494
17.23) 1.54221
17.24) 1.53927
17.25) 1.53612
17.26) 1.53276
17.27) 1.52919
17.28) 1.52541
17.29) 1.52143
17.3) 1.51724
17.31) 1.51285
17.32) 1.50827
17.33) 1.50349
17.34) 1.49852
17.35) 1.49336
17.36) 1.48801
17.37) 1.48248
17.38) 1.47677
17.39) 1.47088
17.42) 1.46482
17.41) 1.45859
17.42) 1.45219
17.43) 1.44562
17.44) 1.43889
17.45) 1.432
17.46) 1.42496
17.47) 1.41777
17.48) 1.41043
17.49) 1.40295
17.5) 1.39533
17.51) 1.38757
17.52) 1.37968
17.53) 1.37166
17.54) 1.36352
17.55) 1.35526
17.56) 1.34688
17.57) 1.33839
17.58) 1.32979
17.59) 1.32108
17.6) 1.31227
17.61) 1.30336
17.62) 1.29436
17.63) 1.28527
17.64) 1.27609
17.65) 1.26682
17.66) 1.25747
17.67) 1.24805
17.68) 1.23855
17.69) 1.22899
17.7) 1.21936
17.71) 1.20967
17.72) 1.19992
17.73) 1.19011
17.74) 1.18025
17.75) 1.17034
17.76) 1.16038
17.77) 1.15038
17.78) 1.14034
17.79) 1.13026
17.8) 1.12015
17.81) 1.11001
17.82) 1.09984
17.83) 1.08964
17.84) 1.07942
17.85) 1.06918
17.86) 1.05892
17.87) 1.04864
17.88) 1.03835
17.89) 1.02805
17.92) 1.01774
17.91) 1.00743
17.92) 0.99711
17.93) 0.98679
17.94) 0.97647
17.95) 0.96616
17.96) 0.95585
17.97) 0.94555
17.98) 0.93525
17.99) 0.92496
18.0) 0.91469
18.01) 0.90443
18.02) 0.89418
18.03) 0.88395
18.04) 0.87374
18.05) 0.86355
18.06) 0.85338
18.07) 0.84323
18.08) 0.8331
18.09) 0.823
18.1) 0.81292
18.11) 0.80287
18.12) 0.79285
18.13) 0.78286
18.14) 0.7729
18.15) 0.76297
18.16) 0.75307
18.17) 0.7432
18.18) 0.73336
18.19) 0.72356
18.2) 0.71379
18.21) 0.70405
18.22) 0.69435
18.23) 0.68468
18.24) 0.67505
18.25) 0.66546
18.26) 0.6559
18.27) 0.64638
18.28) 0.6369
18.29) 0.62746
18.3) 0.61805
18.31) 0.60868
18.32) 0.59935
18.33) 0.59006
18.34) 0.58081
18.35) 0.5716
18.36) 0.56242
18.37) 0.55328
18.38) 0.54418
18.39) 0.53512
18.42) 0.5261
18.41) 0.51712
18.42) 0.50817
18.43) 0.49926
18.44) 0.49039
18.45) 0.48156
18.46) 0.47276
18.47) 0.464
18.48) 0.45528
18.49) 0.44659
18.5) 0.43794
18.51) 0.42933
18.52) 0.42075
18.53) 0.41221
18.54) 0.4037
18.55) 0.39523
18.56) 0.38679
18.57) 0.37838
18.58) 0.37001
18.59) 0.36167
18.6) 0.35336
18.61) 0.34508
18.62) 0.33683
18.63) 0.32861
18.64) 0.32042
18.65) 0.31226
18.66) 0.30413
18.67) 0.29603
18.68) 0.28796
18.69) 0.27991
18.7) 0.27189
18.71) 0.2639
18.72) 0.25593
18.73) 0.24798
18.74) 0.24006
18.75) 0.23216
18.76) 0.22428
18.77) 0.21643
18.78) 0.2086
18.79) 0.20079
18.8) 0.193
18.81) 0.18523
18.82) 0.17748
18.83) 0.16974
18.84) 0.16202
18.85) 0.15432
18.86) 0.14663
18.87) 0.13896
18.88) 0.1313
18.89) 0.12366
18.92) 0.11603
18.91) 0.10841
18.92) 0.1008
18.93) 0.0932
18.94) 0.08561
18.95) 0.07803
18.96) 0.07046
18.97) 0.0629
18.98) 0.05535
18.99) 0.0478
19.0) 0.04026
19.01) 0.03272
19.02) 0.02519
19.03) 0.01766
19.04) 0.01013
19.05) 0.0026
19.06) -0.00492
19.07) -0.01244
19.08) -0.01996
19.09) -0.02749
19.1) -0.03502
19.11) -0.04255
19.12) -0.05008
19.13) -0.05762
19.14) -0.06516
19.15) -0.07271
19.16) -0.08027
19.17) -0.08783
19.18) -0.0954
19.19) -0.10298
19.2) -0.11057
19.21) -0.11817
19.22) -0.12578
19.23) -0.1334
19.24) -0.14103
19.25) -0.14868
19.26) -0.15634
19.27) -0.16402
19.28) -0.17171
19.29) -0.17942
19.3) -0.18714
19.31) -0.19488
19.32) -0.20264
19.33) -0.21042
19.34) -0.21822
19.35) -0.22604
19.36) -0.23388
19.37) -0.24174
19.38) -0.24962
19.39) -0.25752
19.42) -0.26545
19.41) -0.2734
19.42) -0.28138
19.43) -0.28938
19.44) -0.29741
19.45) -0.30546
19.46) -0.31354
19.47) -0.32165
19.48) -0.32979
19.49) -0.33796
19.5) -0.34616
19.51) -0.35439
19.52) -0.36265
19.53) -0.37094
19.54) -0.37926
19.55) -0.38761
19.56) -0.39599
19.57) -0.40441
19.58) -0.41286
19.59) -0.42134
19.6) -0.42986
19.61) -0.43841
19.62) -0.447
19.63) -0.45562
19.64) -0.46428
19.65) -0.47297
19.66) -0.4817
19.67) -0.49047
19.68) -0.49927
19.69) -0.50811
19.7) -0.51699
19.71) -0.52591
19.72) -0.53486
19.73) -0.54385
19.74) -0.55288
19.75) -0.56195
19.76) -0.57106
19.77) -0.58021
19.78) -0.58939
19.79) -0.59861
19.8) -0.60787
19.81) -0.61717
19.82) -0.62651
19.83) -0.63589
19.84) -0.6453
19.85) -0.65475
19.86) -0.66424
19.87) -0.67377
19.88) -0.68333
19.89) -0.69293
19.92) -0.70257
19.91) -0.71224
19.92) -0.72195
19.93) -0.73169
19.94) -0.74147
19.95) -0.75128
19.96) -0.76113
19.97) -0.77101
19.98) -0.78092
19.99) -0.79086
20.0) -0.80083
