0.0) 0.0
0.01) -0.01837
0.02) -0.03736
0.03) -0.05635
0.04) -0.07533
0.05) -0.09431
0.06) -0.11328
0.07) -0.13224
0.08) -0.1502
0.09) -0.16816
0.1) -0.18611
0.11) -0.20405
0.12) -0.22199
0.13) -0.23993
0.14) -0.25786
0.15) -0.27578
0.16) -0.2937
0.17) -0.31062
0.18) -0.32753
0.19) -0.34444
0.2) -0.36134
0.21) -0.37824
0.22) -0.39414
0.23) -0.41003
0.24) -0.42592
0.25) -0.44181
0.26) -0.45769
0.27) -0.47257
0.28) -0.48745
0.29) -0.50232
0.3) -0.51719
0.31) -0.53106
0.32) -0.54493
0.33) -0.55879
0.34) -0.57265
0.35003) -0.58551
0.36) -0.59837
0.37) -0.61123
0.38) -0.62308
0.39) -0.63494
0.4) -0.64679
0.41003) -0.65864
0.42) -0.66949
0.43) -0.68035
0.44) -0.6912
0.45) -0.70105
0.46) -0.7109
0.47003) -0.72074
0.48) -0.72959
0.49) -0.73844
0.5) -0.7473
0.51) -0.75615
0.52) -0.764
0.53) -0.77185
0.54) -0.7797
0.55) -0.78656
0.56) -0.79341
0.5701) -0.80027
0.58) -0.80712
0.59) -0.81298
0.6) -0.81884
0.61) -0.8247
0.62) -0.82957
0.63) -0.83443
0.64) -0.8393
0.65) -0.84416
0.66) -0.84803
0.67) -0.85191
0.68) -0.85578
0.6901) -0.85966
0.7001) -0.86253
0.71) -0.86541
0.72) -0.86829
0.73) -0.87118
0.74) -0.87306
0.75) -0.87495
0.76) -0.87684
0.77) -0.87874
0.78) -0.87963
0.79) -0.88053
0.8) -0.88143
0.81) -0.88233
0.8201) -0.88323
0.8301) -0.88314
0.84) -0.88305
0.85) -0.88296
0.86) -0.88288
0.87) -0.88279
0.88) -0.88271
0.89) -0.88163
0.9) -0.88055
0.91) -0.87948
0.92) -0.87841
0.93) -0.87734
0.9401) -0.87627
0.9501) -0.8752
0.96) -0.87314
0.97) -0.87108
0.98) -0.86902
0.99) -0.86696
1.0) -0.86491
1.01) -0.86286
1.02) -0.86081
1.03) -0.85876
1.04) -0.85671
1.05) -0.85367
1.06) -0.85062
1.07) -0.84758
1.08) -0.84454
1.09) -0.84151
1.1) -0.83847
1.11) -0.83544
1.12) -0.8324
1.1301) -0.82937
1.1401) -0.82635
1.1501) -0.82332
1.16) -0.82029
1.17) -0.81727
1.18) -0.81425
1.19) -0.81023
1.2) -0.80621
1.21) -0.80219
1.22) -0.79817
1.23) -0.79416
1.24) -0.79015
1.25) -0.78613
1.26) -0.78212
1.27) -0.77811
1.28) -0.7741
1.29) -0.7701
1.3) -0.76609
1.31) -0.76209
1.32) -0.75808
1.33) -0.75408
1.34) -0.75008
1.35) -0.74608
1.36) -0.74208
1.37) -0.73808
1.3801) -0.73408
1.3901) -0.73008
1.4001) -0.72609
1.41) -0.72209
1.42) -0.71809
1.43) -0.7141
1.44) -0.71011
1.45) -0.70612
1.46) -0.70212
1.47) -0.69813
1.48) -0.69414
1.49) -0.69015
1.5) -0.68616
1.51) -0.68218
1.52) -0.67819
1.53) -0.6742
1.54) -0.67021
1.55) -0.66623
1.56) -0.66224
1.57) -0.65826
1.58) -0.65527
1.59) -0.65229
1.6) -0.6493
1.61) -0.64632
1.62) -0.64334
1.6301) -0.64035
1.6401) -0.63737
1.6501) -0.63439
1.6601) -0.63141
1.67) -0.62843
1.68) -0.62545
1.69) -0.62247
1.7) -0.61949
1.71) -0.61651
1.72) -0.61353
1.73) -0.61055
1.74) -0.60757
1.75) -0.60459
1.76) -0.60161
1.77) -0.59863
1.78) -0.59565
1.79) -0.59268
1.8) -0.5897
1.81) -0.58672
1.82) -0.58374
1.83) -0.58077
1.84) -0.57879
1.85) -0.57681
1.86) -0.57484
1.87) -0.57286
1.8801) -0.57088
1.8901) -0.56891
1.9001) -0.56693
1.9101) -0.56496
1.92) -0.56298
1.93) -0.561
1.94) -0.55903
1.95) -0.55705
1.96) -0.55508
1.97) -0.5531
1.98) -0.55113
1.99) -0.54915
2.0) -0.54718
2.0102) -0.5452
2.02) -0.54323
2.0302) -0.54125
2.04) -0.54028
2.05) -0.5393
2.06) -0.53833
2.07) -0.53735
2.08) -0.53638
2.09) -0.53541
2.1) -0.53443
2.11) -0.53346
2.12) -0.53248
2.13) -0.53151
2.14) -0.53053
2.15) -0.52956
2.16) -0.52859
2.17) -0.52761
2.18) -0.52664
2.19) -0.52566
2.2) -0.52469
2.21) -0.52372
2.22) -0.52274
2.23) -0.52177
2.24) -0.52179
2.25) -0.52182
2.2602) -0.52185
2.27) -0.52187
2.2802) -0.5219
2.29) -0.52192
2.3003) -0.52195
2.31) -0.52198
2.32) -0.522
2.33) -0.52203
2.34) -0.52205
2.35) -0.52208
2.36) -0.52211
2.37) -0.52213
2.38) -0.52216
2.39) -0.52218
2.4) -0.52221
2.41) -0.52224
2.42) -0.52226
2.43) -0.52329
2.44) -0.52431
2.45) -0.52534
2.46) -0.52637
2.47) -0.52739
2.48) -0.52842
2.49) -0.52944
2.5) -0.53047
2.5102) -0.53149
2.52) -0.53252
2.5302) -0.53355
2.54) -0.53457
2.5503) -0.5356
2.56) -0.53662
2.57) -0.53765
2.58) -0.53867
2.59) -0.5397
2.6) -0.54072
2.61) -0.54175
2.62) -0.54277
2.63) -0.5448
2.64) -0.54683
2.65) -0.54885
2.66) -0.55087
2.67) -0.5529
2.68) -0.55492
2.69) -0.55695
2.7) -0.55897
2.71) -0.561
2.72) -0.56302
2.73) -0.56505
2.74) -0.56707
2.75) -0.56909
2.7602) -0.57112
2.77) -0.57314
2.7802) -0.57517
2.79) -0.57719
2.8003) -0.57921
2.81) -0.58124
2.82) -0.58326
2.83) -0.58628
2.84) -0.5893
2.85) -0.59233
2.86) -0.59535
2.87) -0.59837
2.88) -0.60139
2.89) -0.60441
2.9) -0.60743
2.91) -0.61045
2.92) -0.61348
2.93) -0.6165
2.94) -0.61952
2.95) -0.62254
2.96) -0.62556
2.97) -0.62857
2.98) -0.63159
2.99) -0.63461
3.0) -0.63763
3.0102) -0.64065
3.02) -0.64367
3.0302) -0.64668
3.04) -0.6497
3.0503) -0.65271
3.06) -0.65573
3.0703) -0.65875
3.08) -0.66176
3.09) -0.66577
3.1) -0.66979
3.11) -0.6738
3.12) -0.67781
3.13) -0.68183
3.14) -0.68584
3.15) -0.68985
3.16) -0.69386
3.17) -0.69787
3.18) -0.70188
3.19) -0.70589
3.2) -0.70989
3.21) -0.7139
3.22) -0.71791
3.23) -0.72191
3.24) -0.72592
3.25) -0.72992
3.2602) -0.73392
3.27) -0.73792
3.2802) -0.74192
3.29) -0.74592
3.3003) -0.74992
3.31) -0.75392
3.3203) -0.75792
3.33) -0.76191
3.34) -0.76591
3.35) -0.7699
3.36) -0.7739
3.37) -0.77789
3.38) -0.78188
3.39) -0.78587
3.4) -0.78985
3.41) -0.79384
3.42) -0.79782
3.43) -0.80181
3.44) -0.80579
3.45) -0.80977
3.46) -0.81375
3.47) -0.81773
3.48) -0.8207
3.49) -0.82368
3.5) -0.82665
3.5102) -0.82962
3.52) -0.83259
3.5302) -0.83556
3.54) -0.83853
3.5503) -0.84149
3.56) -0.84445
3.5703) -0.84742
3.58) -0.85037
3.59) -0.85333
3.6) -0.85629
3.61) -0.85924
3.62) -0.86119
3.63) -0.86314
3.64) -0.86509
3.65) -0.86703
3.66) -0.86897
3.67) -0.87092
3.68) -0.87285
3.69) -0.87479
3.7) -0.87673
3.71) -0.87766
3.72) -0.87859
3.73) -0.87951
3.74) -0.88044
3.75) -0.88136
3.7602) -0.88228
3.77) -0.8832
3.7802) -0.88312
3.79) -0.88303
3.8003) -0.88294
3.81) -0.88285
3.8203) -0.88276
3.83) -0.88266
3.84) -0.88156
3.85) -0.88046
3.86) -0.87936
3.87) -0.87826
3.88) -0.87715
3.89) -0.87504
3.9) -0.87293
3.91) -0.87081
3.92) -0.8687
3.93) -0.86558
3.94) -0.86246
3.95) -0.85934
3.96) -0.85621
3.97) -0.85208
3.98) -0.84796
3.99) -0.84383
4.0) -0.83969
4.01) -0.83456
4.0205) -0.82942
4.03) -0.82429
4.04) -0.81915
4.05) -0.81301
4.0605) -0.80686
4.07) -0.80072
4.08) -0.79358
4.09) -0.78643
4.1) -0.77929
4.11) -0.77214
4.12) -0.76399
4.13) -0.75584
4.14) -0.74769
4.15) -0.73854
4.16) -0.72939
4.17) -0.72024
4.18) -0.71009
4.19) -0.69994
4.2) -0.68979
4.21) -0.67964
4.22) -0.66849
4.23) -0.65734
4.24) -0.6462
4.25) -0.63405
4.26) -0.6219
4.2705) -0.60976
4.28) -0.59762
4.29) -0.58448
4.3) -0.57134
4.3105) -0.5582
4.32) -0.54406
4.33) -0.52993
4.34) -0.5158
4.3505) -0.50167
4.36) -0.48654
4.37) -0.47142
4.38) -0.4563
4.39) -0.44118
4.4) -0.42507
4.41) -0.40896
4.42) -0.39285
4.43) -0.37674
4.44) -0.35965
4.45) -0.34255
4.46) -0.32546
4.47) -0.30837
4.48) -0.29129
4.49) -0.27421
4.5) -0.25614
4.51) -0.23807
4.5205) -0.22
4.53) -0.20194
4.54) -0.18389
4.55) -0.16584
4.5605) -0.14779
4.57) -0.12975
4.58) -0.11172
4.59) -0.09269
4.6005) -0.07367
4.61) -0.05465
4.62) -0.03564
4.63) -0.01663
4.64) 0.00237
4.65) 0.02137
4.66) 0.04036
4.67) 0.05935
4.68) 0.07833
4.69) 0.0973
4.7) 0.11627
4.71) 0.13524
4.72) 0.15319
4.73) 0.17115
4.74) 0.1891
4.75) 0.20704
4.76) 0.22498
4.7705) 0.24291
4.78) 0.26084
4.79) 0.27877
4.8) 0.29669
4.8105) 0.31361
4.82) 0.33052
4.83) 0.34742
4.84) 0.36433
4.8505) 0.38123
4.86) 0.39712
4.87) 0.41301
4.88) 0.4289
4.89) 0.44479
4.9) 0.46067
4.91) 0.47555
4.92) 0.49042
4.93) 0.5053
4.94) 0.52017
4.95) 0.53404
4.96) 0.5479
4.97) 0.56176
4.98) 0.57563
4.99) 0.58849
5.0) 0.60134
5.01) 0.6142
5.0205) 0.62606
5.03) 0.63791
5.04) 0.64976
5.05) 0.66161
5.0605) 0.67247
5.07) 0.68332
5.08) 0.69417
5.09) 0.70402
5.1005) 0.71387
5.11) 0.72371
5.12) 0.73256
5.13) 0.74141
5.14) 0.75026
5.15) 0.75912
5.16) 0.76697
5.17) 0.77482
5.18) 0.78267
5.19) 0.78953
5.2) 0.79638
5.21) 0.80324
5.22) 0.80909
5.23) 0.81495
5.24) 0.82081
5.25) 0.82667
5.26) 0.83154
5.2705) 0.8364
5.28) 0.84127
5.29) 0.84614
5.3) 0.85001
5.3105) 0.85388
5.32) 0.85775
5.33) 0.86163
5.34) 0.8645
5.3505) 0.86738
5.36) 0.87027
5.37) 0.87315
5.38) 0.87504
5.39) 0.87693
5.4) 0.87882
5.41) 0.88071
5.42) 0.88161
5.43) 0.8825
5.44) 0.8834
5.45) 0.88431
5.46) 0.88521
5.47) 0.88512
5.48) 0.88503
5.49) 0.88494
5.5) 0.88485
5.51) 0.88477
5.5205) 0.88469
5.53) 0.88361
5.54) 0.88253
5.55) 0.88146
5.5605) 0.88039
5.57) 0.87932
5.58) 0.87825
5.59) 0.87719
5.6005) 0.87512
5.61) 0.87306
5.62) 0.871
5.63) 0.86895
5.64) 0.86689
5.65) 0.86484
5.66) 0.86279
5.67) 0.86074
5.68) 0.8577
5.69) 0.85465
5.7) 0.85161
5.71) 0.84857
5.72) 0.84553
5.73) 0.84249
5.74) 0.83946
5.75) 0.83643
5.76) 0.83339
5.7705) 0.83036
5.78) 0.82734
5.79) 0.82431
5.8) 0.82129
5.8105) 0.81826
5.82) 0.81524
5.83) 0.81122
5.84) 0.8072
5.8505) 0.80318
5.86) 0.79917
5.87) 0.79515
5.88) 0.79114
5.89) 0.78713
5.9) 0.78312
5.91) 0.77911
5.92) 0.7751
5.93) 0.77109
5.94) 0.76709
5.95) 0.76308
5.96) 0.75908
5.97) 0.75508
5.98) 0.75108
5.99) 0.74708
6.0) 0.74308
6.01) 0.73908
6.0205) 0.73508
6.03) 0.73108
6.04) 0.72709
6.05) 0.72309
6.0605) 0.7191
6.07) 0.7151
6.08) 0.71111
6.09) 0.70712
6.1005) 0.70313
6.11) 0.69914
6.12) 0.69515
6.13) 0.69116
6.141) 0.68717
6.15) 0.68318
6.16) 0.67919
6.17) 0.67521
6.18) 0.67122
6.19) 0.66723
6.2) 0.66325
6.21) 0.65926
6.22) 0.65628
6.23) 0.65329
6.24) 0.65031
6.25) 0.64733
6.26) 0.64435
6.2705) 0.64136
6.28) 0.63838
6.29) 0.6354
6.3) 0.63242
6.3105) 0.62944
6.32) 0.62646
6.33) 0.62348
6.34) 0.6205
6.3505) 0.61752
6.36) 0.61454
6.37) 0.61156
6.38) 0.60858
6.391) 0.6056
6.4) 0.60262
6.41) 0.59965
6.42) 0.59667
6.43) 0.59369
6.44) 0.59071
6.45) 0.58774
6.46) 0.58476
6.47) 0.58278
6.48) 0.5808
6.49) 0.57883
6.5) 0.57685
6.51) 0.57488
6.5205) 0.5729
6.53) 0.57092
6.54) 0.56895
6.55) 0.56697
6.5605) 0.565
6.57) 0.56302
6.58) 0.56105
6.59) 0.55907
6.6005) 0.5571
6.61) 0.55512
6.62) 0.55315
6.63) 0.55117
6.641) 0.5492
6.65) 0.54722
6.66) 0.54525
6.67) 0.54327
6.68) 0.5423
6.69) 0.54132
6.7) 0.54035
6.71) 0.53937
6.72) 0.5384
6.73) 0.53742
6.74) 0.53645
6.75) 0.53548
6.76) 0.5345
6.7705) 0.53353
6.78) 0.53255
6.79) 0.53158
6.8) 0.53061
6.8105) 0.52963
6.82) 0.52866
6.83) 0.52768
6.84) 0.52671
6.8505) 0.52574
6.86) 0.52476
6.87) 0.52479
6.88) 0.52481
6.891) 0.52484
6.9) 0.52487
6.91) 0.52489
6.92) 0.52492
6.93) 0.52495
6.94) 0.52497
6.95) 0.525
6.96) 0.52502
6.97) 0.52505
6.98) 0.52508
6.99) 0.5251
7.0) 0.52513
7.01) 0.52516
7.0205) 0.52518
7.03) 0.52521
7.04) 0.52523
7.05) 0.52526
7.0605) 0.52629
7.07) 0.52731
7.08) 0.52834
7.09) 0.52936
7.1005) 0.53039
7.11) 0.53142
7.12) 0.53244
7.13) 0.53347
7.141) 0.53449
7.15) 0.53552
7.16) 0.53655
7.17) 0.53757
7.18) 0.5386
7.19) 0.53962
7.2) 0.54065
7.21) 0.54167
7.22) 0.5427
7.23) 0.54373
7.24) 0.54475
7.25) 0.54678
7.26) 0.5488
7.2705) 0.55083
7.28) 0.55285
7.29) 0.55488
7.3) 0.5569
7.3105) 0.55893
7.32) 0.56095
7.33) 0.56298
7.34) 0.565
7.3505) 0.56703
7.36) 0.56905
7.37) 0.57107
7.38) 0.5731
7.391) 0.57512
7.4) 0.57715
7.41) 0.57917
7.42) 0.58119
7.43) 0.58322
7.44) 0.58524
7.45) 0.58726
7.46) 0.59028
7.47) 0.59331
7.48) 0.59633
7.49) 0.59935
7.5) 0.60237
7.51) 0.6054
7.5205) 0.60842
7.53) 0.61144
7.54) 0.61446
7.55) 0.61748
7.5605) 0.6205
7.57) 0.62352
7.58) 0.62654
7.59) 0.62956
7.6005) 0.63258
7.61) 0.6356
7.62) 0.63862
7.63) 0.64163
7.641) 0.64465
7.65) 0.64767
7.66) 0.65069
7.67) 0.6537
7.68) 0.65672
7.69) 0.65973
7.7) 0.66275
7.71) 0.66576
7.72) 0.66978
7.73) 0.67379
7.74) 0.67781
7.75) 0.68182
7.76) 0.68583
7.7705) 0.68984
7.78) 0.69385
7.79) 0.69786
7.8) 0.70187
7.8105) 0.70588
7.82) 0.70989
7.83) 0.7139
7.84) 0.7179
7.8505) 0.72191
7.86) 0.72591
7.87) 0.72992
7.88) 0.73392
7.891) 0.73792
7.9) 0.74192
7.91) 0.74592
7.92) 0.74992
7.931) 0.75392
7.94) 0.75792
7.95) 0.76192
7.96) 0.76591
7.97) 0.76991
7.98) 0.7739
7.99) 0.77789
8.0) 0.78188
8.01) 0.78587
8.02) 0.78986
8.03) 0.79385
8.041) 0.79783
8.05) 0.80182
8.06) 0.8058
8.07) 0.80978
8.08) 0.81376
8.09) 0.81774
8.1) 0.82072
8.11) 0.82369
8.121) 0.82667
8.13) 0.82964
8.14) 0.83261
8.15) 0.83558
8.16) 0.83855
8.17) 0.84151
8.18) 0.84447
8.19) 0.84744
8.2) 0.8504
8.21) 0.85335
8.22) 0.85631
8.23) 0.85926
8.24) 0.86222
8.25) 0.86417
8.26) 0.86612
8.27) 0.86806
8.28) 0.87
8.291) 0.87195
8.3) 0.87389
8.31) 0.87582
8.32) 0.87776
8.33) 0.87969
8.34) 0.88062
8.35) 0.88155
8.36) 0.88248
8.371) 0.8834
8.38) 0.88432
8.39) 0.88524
8.4) 0.88516
8.41) 0.88507
8.42) 0.88499
8.43) 0.8849
8.44) 0.8848
8.45) 0.88471
8.46) 0.88361
8.47) 0.88251
8.48) 0.88141
8.49) 0.88031
8.5) 0.8792
8.51) 0.87709
8.52) 0.87498
8.53) 0.87287
8.541) 0.87075
8.55) 0.86863
8.56) 0.86551
8.57) 0.86239
8.58) 0.85927
8.59) 0.85614
8.6) 0.85201
8.61) 0.84788
8.621) 0.84375
8.63) 0.83962
8.64) 0.83448
8.65) 0.82935
8.66) 0.82421
8.67) 0.81807
8.68) 0.81193
8.69) 0.80578
8.701) 0.79964
8.71) 0.79249
8.72) 0.78535
8.73) 0.7782
8.74) 0.77005
8.75) 0.7619
8.76) 0.75375
8.77) 0.7456
8.78) 0.73645
8.791) 0.7273
8.8) 0.71815
8.81) 0.708
8.82) 0.69785
8.83) 0.6877
8.84) 0.67655
8.85) 0.6654
8.86) 0.65425
8.871) 0.6421
8.88) 0.62995
8.89) 0.61781
8.9) 0.60566
8.91) 0.59252
8.92) 0.57938
8.93) 0.56624
8.94) 0.5521
8.951) 0.53797
8.96) 0.52383
8.97) 0.5097
8.98) 0.49457
8.99) 0.47945
9.0) 0.46433
9.01) 0.44921
9.02) 0.43309
9.03) 0.41698
9.041) 0.40087
9.05) 0.38476
9.06) 0.36866
9.07) 0.35156
9.08) 0.33447
9.09) 0.31738
9.1) 0.3003
9.11) 0.28321
9.121) 0.26514
9.13) 0.24707
9.14) 0.229
9.15) 0.21094
9.16) 0.19288
9.17) 0.17483
9.18) 0.15678
9.19) 0.13874
9.201) 0.1197
9.21) 0.10067
9.22) 0.08164
9.23) 0.06262
9.24) 0.04361
9.25) 0.0246
9.26) 0.00559
9.27) -0.0134
9.28) -0.0324
9.291) -0.05139
9.3) -0.07037
9.31) -0.08935
9.32) -0.10832
9.33) -0.12728
9.34) -0.14624
9.35) -0.1642
9.36) -0.18215
9.371) -0.2001
9.38) -0.21804
9.39) -0.23597
9.4) -0.2539
9.41) -0.27183
9.42) -0.28975
9.43) -0.30767
9.44) -0.32458
9.451) -0.34149
9.46) -0.3584
9.47) -0.3753
9.48) -0.39219
9.49) -0.40809
9.5) -0.42398
9.51) -0.43986
9.52) -0.45574
9.53) -0.47062
9.541) -0.4855
9.55) -0.50037
9.56) -0.51524
9.57) -0.52911
9.58) -0.54298
9.59) -0.55684
9.6) -0.57071
9.61) -0.58357
9.621) -0.59642
9.63) -0.60928
9.64) -0.62214
9.65) -0.63399
9.66) -0.64584
9.67) -0.65769
9.68) -0.66855
9.69) -0.6794
9.701) -0.69025
9.71) -0.7001
9.72) -0.70994
9.73) -0.71979
9.74) -0.72964
9.75) -0.73849
9.76) -0.74734
9.77) -0.75619
9.78) -0.76404
9.791) -0.77189
9.8) -0.77975
9.81) -0.7866
9.82) -0.79345
9.83) -0.80031
9.84) -0.80717
9.85) -0.81302
9.86) -0.81888
9.871) -0.82474
9.88) -0.82961
9.89) -0.83447
9.9) -0.83933
9.91) -0.8442
9.92) -0.84807
9.93) -0.85194
9.94) -0.85581
9.951) -0.85969
9.96) -0.86257
9.97) -0.86544
9.98) -0.86833
9.99) -0.87121
10.0) -0.87309
10.01) -0.87498
10.02) -0.87687
10.03) -0.87876
10.041) -0.88066
10.05) -0.88156
10.06) -0.88245
10.07) -0.88336
10.08) -0.88426
10.09) -0.88517
10.1) -0.88507
10.11) -0.88498
10.121) -0.8849
10.13) -0.88481
10.14) -0.88473
10.15) -0.88365
10.16) -0.88257
10.17) -0.8815
10.18) -0.88042
10.19) -0.87935
10.201) -0.87829
10.21) -0.87722
10.22) -0.87516
10.23) -0.87309
10.24) -0.87103
10.25) -0.86898
10.26) -0.86692
10.27) -0.86487
10.28) -0.86282
10.291) -0.86077
10.3) -0.85872
10.31) -0.85567
10.32) -0.85263
10.33) -0.84959
10.34) -0.84655
10.35) -0.84351
10.36) -0.84048
10.371) -0.83744
10.38) -0.83441
10.39) -0.83138
10.4) -0.82835
10.41) -0.82532
10.42) -0.8223
10.43) -0.81927
10.44) -0.81625
10.451) -0.81323
10.46) -0.80921
10.47) -0.80519
10.48) -0.80118
10.49) -0.79716
10.5) -0.79315
10.51) -0.78914
10.52) -0.78512
10.53) -0.78111
10.541) -0.77711
10.55) -0.7731
10.56) -0.76909
10.57) -0.76509
10.58) -0.76108
10.59) -0.75708
10.6) -0.75308
10.61) -0.74908
10.621) -0.74508
10.63) -0.74108
10.64) -0.73708
10.65) -0.73308
10.66) -0.72908
10.67) -0.72509
10.68) -0.72109
10.69) -0.7171
10.701) -0.71311
10.71) -0.70911
10.72) -0.70512
10.73) -0.70113
10.74) -0.69714
10.75) -0.69315
10.76) -0.68916
10.77) -0.68517
10.78) -0.68119
10.791) -0.6772
10.8) -0.67321
10.81) -0.66923
10.82) -0.66524
10.83) -0.66126
10.84) -0.65827
10.85) -0.65529
10.86) -0.6523
10.871) -0.64932
10.88) -0.64634
10.89) -0.64335
10.9) -0.64037
10.91) -0.63739
10.92) -0.63441
10.93) -0.63143
10.94) -0.62845
10.951) -0.62547
10.96) -0.62249
10.97) -0.61951
10.98) -0.61653
10.99) -0.61355
11.0) -0.61057
11.01) -0.60759
11.02) -0.60461
11.03) -0.60163
11.041) -0.59866
11.05) -0.59568
11.06) -0.5927
11.07) -0.58972
11.08) -0.58675
11.09) -0.58377
11.1) -0.58179
11.11) -0.57982
11.121) -0.57784
11.13) -0.57586
11.14) -0.57389
11.15) -0.57191
11.16) -0.56993
11.17) -0.56796
11.18) -0.56598
11.19) -0.56401
11.201) -0.56203
11.21) -0.56006
11.22) -0.55808
11.23) -0.55611
11.24) -0.55413
11.25) -0.55216
11.26) -0.55018
11.27) -0.54821
11.28) -0.54623
11.291) -0.54426
11.3) -0.54328
11.31) -0.54231
11.32) -0.54133
11.33) -0.54036
11.34) -0.53939
11.35) -0.53841
11.36) -0.53744
11.371) -0.53646
11.38) -0.53549
11.39) -0.53451
11.4) -0.53354
11.41) -0.53257
11.42) -0.53159
11.43) -0.53062
11.44) -0.52964
11.451) -0.52867
11.46) -0.5277
11.47) -0.52672
11.48) -0.52575
11.49) -0.52478
11.5) -0.5248
11.51) -0.52483
11.52) -0.52485
11.53) -0.52488
11.541) -0.52491
11.55) -0.52493
11.56) -0.52496
11.57) -0.52498
11.58) -0.52501
11.59) -0.52504
11.6) -0.52506
11.61) -0.52509
11.621) -0.52512
11.63) -0.52514
11.64) -0.52517
11.65) -0.52519
11.66) -0.52522
11.67) -0.52525
11.68) -0.52527
11.69) -0.5263
11.701) -0.52732
11.71) -0.52835
11.72) -0.52938
11.73) -0.5304
11.74) -0.53143
11.75) -0.53245
11.76) -0.53348
11.77) -0.53451
11.78) -0.53553
11.791) -0.53656
11.8) -0.53758
11.81) -0.53861
11.82) -0.53964
11.83) -0.54066
11.84) -0.54169
11.85) -0.54271
11.86) -0.54374
11.871) -0.54476
11.88) -0.54679
11.89) -0.54881
11.9) -0.55084
11.91) -0.55286
11.92) -0.55489
11.93) -0.55691
11.94) -0.55894
11.951) -0.56096
11.96) -0.56299
11.97) -0.56501
11.98) -0.56704
11.99) -0.56906
12.0) -0.57108
12.01) -0.57311
12.02) -0.57513
12.031) -0.57716
12.041) -0.57918
12.05) -0.5812
12.06) -0.58323
12.07) -0.58525
12.08) -0.58727
12.09) -0.59029
12.1) -0.59332
12.11) -0.59634
12.121) -0.59936
12.13) -0.60238
12.14) -0.6054
12.15) -0.60843
12.16) -0.61145
12.17) -0.61447
12.18) -0.61749
12.19) -0.62051
12.201) -0.62353
12.21) -0.62655
12.22) -0.62957
12.23) -0.63259
12.24) -0.63561
12.25) -0.63862
12.26) -0.64164
12.27) -0.64466
12.281) -0.64768
12.291) -0.65069
12.3) -0.65371
12.31) -0.65673
12.32) -0.65974
12.33) -0.66276
12.34) -0.66677
12.35) -0.67078
12.36) -0.6748
12.371) -0.67881
12.38) -0.68282
12.39) -0.68683
12.4) -0.69085
12.41) -0.69486
12.42) -0.69887
12.43) -0.70287
12.44) -0.70688
12.451) -0.71089
12.46) -0.7149
12.47) -0.7189
12.48) -0.72291
12.49) -0.72691
12.5) -0.73092
12.51) -0.73492
12.52) -0.73892
12.531) -0.74292
12.541) -0.74692
12.55) -0.75092
12.56) -0.75492
12.57) -0.75892
12.58) -0.76292
12.59) -0.76691
12.6) -0.7709
12.61) -0.7749
12.621) -0.77889
12.63) -0.78288
12.64) -0.78687
12.65) -0.79086
12.66) -0.79484
12.67) -0.79883
12.68) -0.80281
12.69) -0.80679
12.701) -0.81078
12.71) -0.81475
12.72) -0.81873
12.73) -0.82171
12.74) -0.82468
12.75) -0.82766
12.76) -0.83063
12.77) -0.8336
12.781) -0.83657
12.791) -0.83953
12.8) -0.8425
12.81) -0.84546
12.82) -0.84842
12.83) -0.85138
12.84) -0.85434
12.85) -0.85729
12.86) -0.86025
12.871) -0.8622
12.88) -0.86415
12.89) -0.8661
12.9) -0.86804
12.91) -0.86998
12.92) -0.87193
12.93) -0.87386
12.94) -0.8758
12.951) -0.87774
12.96) -0.87867
12.97) -0.8796
12.98) -0.88053
12.99) -0.88145
13.0) -0.88237
13.01) -0.8833
13.02) -0.88421
13.031) -0.88413
13.041) -0.88404
13.05) -0.88396
13.06) -0.88387
13.07) -0.88377
13.08) -0.88368
13.09) -0.88258
13.1) -0.88148
13.11) -0.88038
13.121) -0.87927
13.13) -0.87816
13.14) -0.87606
13.15) -0.87394
13.16) -0.87183
13.17) -0.86971
13.18) -0.8666
13.19) -0.86348
13.201) -0.86035
13.21) -0.85723
13.22) -0.8531
13.23) -0.84897
13.24) -0.84484
13.25) -0.84071
13.26) -0.83558
13.27) -0.83044
13.281) -0.8253
13.291) -0.82017
13.3) -0.81402
13.31) -0.80788
13.32) -0.80174
13.33) -0.7946
13.34) -0.78745
13.35) -0.7803
13.36) -0.77316
13.371) -0.76501
13.38) -0.75686
13.39) -0.74871
13.4) -0.73956
13.41) -0.73041
13.42) -0.72126
13.43) -0.71211
13.44) -0.70196
13.451) -0.69181
13.46) -0.68166
13.47) -0.67051
13.48) -0.65936
13.49) -0.64822
13.5) -0.63607
13.51) -0.62392
13.52) -0.61178
13.531) -0.59963
13.541) -0.58649
13.55) -0.57335
13.56) -0.56021
13.57) -0.54608
13.58) -0.53194
13.59) -0.51781
13.6) -0.50368
13.61) -0.48856
13.621) -0.47343
13.63) -0.45831
13.64) -0.44319
13.65) -0.42708
13.66) -0.41097
13.67) -0.39486
13.68) -0.37876
13.69) -0.36266
13.701) -0.34556
13.71) -0.32847
13.72) -0.31138
13.73) -0.2943
13.74) -0.27722
13.75) -0.25914
13.76) -0.24107
13.77) -0.22301
13.781) -0.20495
13.791) -0.18689
13.8) -0.16884
13.81) -0.1508
13.82) -0.13276
13.83) -0.11472
13.84) -0.09569
13.85) -0.07666
13.86) -0.05765
13.871) -0.03863
13.88) -0.01962
13.89) -6.2E-4
13.9) 0.01838
13.91) 0.03737
13.92) 0.05636
13.93) 0.07534
13.94) 0.09431
13.951) 0.11328
13.96) 0.13225
13.97) 0.15021
13.98) 0.16816
13.99) 0.18611
14.0) 0.20406
14.01) 0.222
14.02) 0.23993
14.031) 0.25786
14.041) 0.27579
14.05) 0.29371
14.06) 0.31062
14.07) 0.32754
14.08) 0.34444
14.09) 0.36135
14.1) 0.37825
14.11) 0.39415
14.121) 0.41004
14.13) 0.42593
14.14) 0.44181
14.15) 0.45769
14.16) 0.47257
14.17) 0.48745
14.18) 0.50232
14.19) 0.5172
14.201) 0.53106
14.21) 0.54493
14.22) 0.55879
14.23) 0.57266
14.24) 0.58552
14.25) 0.59837
14.26) 0.61123
14.27) 0.62309
14.281) 0.63494
14.291) 0.64679
14.3) 0.65865
14.31) 0.6695
14.32) 0.68035
14.33) 0.6912
14.34) 0.70105
14.35) 0.7109
14.36) 0.72075
14.371) 0.7296
14.38) 0.73845
14.39) 0.7473
14.4) 0.75615
14.41) 0.764
14.42) 0.77185
14.43) 0.77971
14.44) 0.78656
14.451) 0.79341
14.46) 0.80027
14.47) 0.80713
14.48) 0.81299
14.49) 0.81885
14.5) 0.82471
14.51) 0.82957
14.52) 0.83443
14.531) 0.8393
14.541) 0.84417
14.55) 0.84804
14.56) 0.85191
14.57) 0.85578
14.58) 0.85966
14.59) 0.86253
14.6) 0.86541
14.61) 0.8683
14.621) 0.87118
14.63) 0.87307
14.64) 0.87495
14.65) 0.87684
14.66) 0.87874
14.67) 0.87963
14.68) 0.88053
14.69) 0.88143
14.701) 0.88233
14.71) 0.88324
14.72) 0.88314
14.73) 0.88305
14.74) 0.88296
14.75) 0.88288
14.76) 0.88279
14.77) 0.88271
14.781) 0.88163
14.791) 0.88056
14.8) 0.87948
14.81) 0.87841
14.82) 0.87734
14.83) 0.87627
14.84) 0.87521
14.85) 0.87314
14.86) 0.87108
14.871) 0.86902
14.88) 0.86696
14.89) 0.86491
14.9) 0.86286
14.91) 0.86081
14.92) 0.85876
14.93) 0.85671
14.94) 0.85367
14.951) 0.85062
14.96) 0.84758
14.97) 0.84454
14.98) 0.84151
14.99) 0.83847
15.0) 0.83544
15.01) 0.83241
15.02) 0.82938
15.031) 0.82635
15.041) 0.82332
15.05) 0.82029
15.06) 0.81727
15.07) 0.81425
15.08) 0.81023
15.09) 0.80621
15.1) 0.80219
15.11) 0.79817
15.121) 0.79416
15.13) 0.79015
15.14) 0.78613
15.15) 0.78212
15.16) 0.77811
15.17) 0.7741
15.18) 0.7701
15.19) 0.76609
15.201) 0.76209
15.21) 0.75808
15.22) 0.75408
15.23) 0.75008
15.24) 0.74608
15.25) 0.74208
15.26) 0.73808
15.27) 0.73408
15.281) 0.73008
15.291) 0.72608
15.3) 0.72209
15.31) 0.71809
15.32) 0.7141
15.33) 0.71011
15.34) 0.70612
15.35) 0.70212
15.36) 0.69813
15.371) 0.69414
15.38) 0.69015
15.39) 0.68616
15.4) 0.68217
15.41) 0.67819
15.42) 0.6742
15.43) 0.67021
15.44) 0.66623
15.451) 0.66224
15.46) 0.65826
15.47) 0.65527
15.48) 0.65229
15.49) 0.6493
15.5) 0.64632
15.51) 0.64334
15.52) 0.64035
15.531) 0.63737
15.541) 0.63439
15.55) 0.63141
15.56) 0.62843
15.57) 0.62545
15.58) 0.62247
15.59) 0.61949
15.6) 0.61651
15.611) 0.61353
15.621) 0.61055
15.63) 0.60757
15.64) 0.60459
15.65) 0.60161
15.66) 0.59863
15.67) 0.59565
15.68) 0.59268
15.69) 0.5897
15.701) 0.58672
15.71) 0.58374
15.72) 0.58077
15.73) 0.57879
15.74) 0.57681
15.75) 0.57484
15.76) 0.57286
15.77) 0.57088
15.781) 0.56891
15.791) 0.56693
15.8) 0.56496
15.81) 0.56298
15.82) 0.561
15.83) 0.55903
15.84) 0.55705
15.85) 0.55508
15.861) 0.5531
15.871) 0.55113
15.88) 0.54915
15.89) 0.54718
15.9) 0.5452
15.91) 0.54323
15.92) 0.54125
15.93) 0.54028
15.94) 0.5393
15.951) 0.53833
15.96) 0.53735
15.97) 0.53638
15.98) 0.5354
15.99) 0.53443
16.0) 0.53346
16.01) 0.53248
16.02) 0.53151
16.03) 0.53053
16.04) 0.52956
16.05) 0.52859
16.06) 0.52761
16.07) 0.52664
16.082) 0.52566
16.09) 0.52469
16.1) 0.52371
16.11) 0.52274
16.12) 0.52177
16.13) 0.52179
16.14) 0.52182
16.15) 0.52184
16.16) 0.52187
16.17) 0.5219
16.18) 0.52192
16.19) 0.52195
16.2) 0.52197
16.21) 0.522
16.22) 0.52203
16.23) 0.52205
16.242) 0.52208
16.25) 0.52211
16.26) 0.52213
16.27) 0.52216
16.28) 0.52218
16.29) 0.52221
16.3) 0.52224
16.31) 0.52226
16.32) 0.52329
16.332) 0.52431
16.34) 0.52534
16.35) 0.52636
16.36) 0.52739
16.37) 0.52842
16.38) 0.52944
16.39) 0.53047
16.4) 0.53149
16.41) 0.53252
16.42) 0.53355
16.43) 0.53457
16.44) 0.5356
16.45) 0.53662
16.46) 0.53765
16.47) 0.53867
16.48) 0.5397
16.492) 0.54072
16.5) 0.54175
16.51) 0.54277
16.52) 0.5448
16.53) 0.54682
16.54) 0.54885
16.55) 0.55087
16.56) 0.5529
16.57) 0.55492
16.582) 0.55695
16.59) 0.55897
16.6) 0.561
16.61) 0.56302
16.62) 0.56505
16.63) 0.56707
16.64) 0.56909
16.65) 0.57112
16.66) 0.57314
16.67) 0.57516
16.68) 0.57719
16.69) 0.57921
16.7) 0.58123
16.71) 0.58326
16.72) 0.58628
16.73) 0.5893
16.742) 0.59232
16.75) 0.59535
16.76) 0.59837
16.77) 0.60139
16.78) 0.60441
16.79) 0.60743
16.8) 0.61045
16.81) 0.61347
16.82) 0.6165
16.832) 0.61952
16.84) 0.62254
16.85) 0.62555
16.86) 0.62857
16.87) 0.63159
16.88) 0.63461
16.89) 0.63763
16.9) 0.64065
16.91) 0.64366
16.92) 0.64668
16.93) 0.6497
16.94) 0.65271
16.95) 0.65573
16.96) 0.65875
16.97) 0.66176
16.98) 0.66577
16.992) 0.66979
17.0) 0.6738
17.01) 0.67781
17.02) 0.68183
17.03) 0.68584
17.04) 0.68985
17.05) 0.69386
17.06) 0.69787
17.07) 0.70188
17.082) 0.70589
17.09) 0.70989
17.1) 0.7139
17.11) 0.71791
17.12) 0.72191
17.13) 0.72592
17.14) 0.72992
17.152) 0.73392
17.16) 0.73792
17.17) 0.74192
17.18) 0.74592
17.19) 0.74992
17.2) 0.75392
17.21) 0.75792
17.22) 0.76191
17.23) 0.76591
17.242) 0.7699
17.25) 0.7739
17.26) 0.77789
17.27) 0.78188
17.28) 0.78587
17.29) 0.78985
17.3) 0.79384
17.31) 0.79782
17.32) 0.80181
17.332) 0.80579
17.34) 0.80977
17.35) 0.81375
17.36) 0.81773
17.37) 0.8207
17.38) 0.82368
17.39) 0.82665
17.402) 0.82962
17.41) 0.83259
17.42) 0.83556
17.43) 0.83853
17.44) 0.84149
17.45) 0.84446
17.46) 0.84742
17.47) 0.85037
17.48) 0.85333
17.492) 0.85629
17.5) 0.85924
17.51) 0.86119
17.52) 0.86314
17.53) 0.86509
17.54) 0.86703
17.55) 0.86898
17.56) 0.87092
17.57) 0.87286
17.582) 0.87479
17.59) 0.87673
17.6) 0.87766
17.61) 0.87859
17.62) 0.87952
17.63) 0.88044
17.64) 0.88136
17.652) 0.88228
17.66) 0.8832
17.67) 0.88312
17.68) 0.88303
17.69) 0.88294
17.7) 0.88285
17.71) 0.88276
17.72) 0.88266
17.73) 0.88157
17.742) 0.88047
17.75) 0.87936
17.76) 0.87826
17.77) 0.87715
17.78) 0.87504
17.79) 0.87293
17.8) 0.87082
17.81) 0.8687
17.82) 0.86558
17.832) 0.86246
17.84) 0.85934
17.85) 0.85621
17.86) 0.85209
17.87) 0.84796
17.88) 0.84383
17.89) 0.8397
17.902) 0.83456
17.91) 0.82943
17.92) 0.82429
17.93) 0.81915
17.94) 0.81301
17.95) 0.80687
17.96) 0.80072
17.97) 0.79358
17.98) 0.78643
17.992) 0.77929
18.0) 0.77214
18.01) 0.76399
18.02) 0.75584
18.03) 0.74769
18.04) 0.73855
18.05) 0.7294
18.06) 0.72024
18.07) 0.71009
18.082) 0.69994
18.09) 0.68979
18.1) 0.67965
18.11) 0.6685
18.12) 0.65735
18.13) 0.6462
18.14) 0.63405
18.152) 0.62191
18.16) 0.60976
18.17) 0.59762
18.18) 0.58448
18.19) 0.57134
18.2) 0.5582
18.21) 0.54407
18.22) 0.52993
18.23) 0.5158
18.242) 0.50167
18.25) 0.48655
18.26) 0.47142
18.27) 0.4563
18.28) 0.44118
18.29) 0.42507
18.3) 0.40896
18.31) 0.39285
18.32) 0.37675
18.332) 0.35965
18.34) 0.34255
18.35) 0.32546
18.36) 0.30838
18.37) 0.29129
18.38) 0.27421
18.39) 0.25614
18.402) 0.23807
18.41) 0.22001
18.42) 0.20195
18.43) 0.18389
18.44) 0.16584
18.45) 0.1478
18.46) 0.12976
18.47) 0.11172
18.48) 0.0927
18.492) 0.07367
18.5) 0.05465
18.51) 0.03564
18.52) 0.01663
18.53) -0.00237
18.54) -0.02137
18.55) -0.04036
18.56) -0.05934
18.57) -0.07832
18.582) -0.0973
18.59) -0.11627
18.6) -0.13523
18.61) -0.15319
18.62) -0.17114
18.63) -0.18909
18.64) -0.20704
18.652) -0.22498
18.66) -0.24291
18.67) -0.26084
18.68) -0.27877
18.69) -0.29669
18.7) -0.3136
18.71) -0.33051
18.72) -0.34742
18.73) -0.36432
18.742) -0.38122
18.75) -0.39712
18.76) -0.41301
18.77) -0.4289
18.78) -0.44478
18.79) -0.46067
18.8) -0.47554
18.81) -0.49042
18.82) -0.50529
18.832) -0.52016
18.84) -0.53403
18.85) -0.5479
18.86) -0.56176
18.87) -0.57562
18.88) -0.58848
18.89) -0.60134
18.902) -0.6142
18.91) -0.62605
18.92) -0.63791
18.93) -0.64976
18.94) -0.66161
18.95) -0.67246
18.96) -0.68331
18.97) -0.69416
18.98) -0.70401
18.992) -0.71386
19.0) -0.72371
19.01) -0.73256
19.02) -0.74141
19.03) -0.75026
19.04) -0.75911
19.05) -0.76696
19.06) -0.77482
19.07) -0.78267
19.082) -0.78952
19.09) -0.79638
19.1) -0.80323
19.11) -0.80909
19.12) -0.81495
19.13) -0.82081
19.14) -0.82667
19.152) -0.83153
19.16) -0.8364
19.17) -0.84126
19.18) -0.84613
19.19) -0.85
19.2) -0.85387
19.21) -0.85775
19.22) -0.86062
19.23) -0.8635
19.242) -0.86638
19.25) -0.86927
19.26) -0.87215
19.27) -0.87404
19.28) -0.87592
19.29) -0.87782
19.3) -0.87971
19.31) -0.8806
19.32) -0.8815
19.332) -0.8824
19.34) -0.88331
19.35) -0.88421
19.36) -0.88412
19.37) -0.88403
19.38) -0.88394
19.39) -0.88385
19.402) -0.88377
19.41) -0.88369
19.42) -0.88261
19.43) -0.88153
19.44) -0.88046
19.45) -0.87939
19.46) -0.87832
19.47) -0.87725
19.48) -0.87619
19.492) -0.87412
19.5) -0.87206
19.51) -0.87
19.52) -0.86795
19.53) -0.86589
19.54) -0.86384
19.55) -0.86179
19.56) -0.85974
19.57) -0.8567
19.582) -0.85365
19.59) -0.85061
19.6) -0.84757
19.61) -0.84453
19.62) -0.8415
19.63) -0.83846
19.64) -0.83543
19.652) -0.8324
19.66) -0.82937
19.67) -0.82634
19.68) -0.82331
19.69) -0.82029
19.7) -0.81726
19.71) -0.81424
19.72) -0.81022
19.73) -0.8062
19.742) -0.80219
19.75) -0.79817
19.76) -0.79415
19.77) -0.79014
19.78) -0.78613
19.79) -0.78212
19.8) -0.77811
19.81) -0.7741
19.82) -0.77009
19.832) -0.76609
19.84) -0.76208
19.85) -0.75808
19.86) -0.75408
19.87) -0.75008
19.88) -0.74608
19.89) -0.74208
19.902) -0.73808
19.91) -0.73408
19.92) -0.73008
19.93) -0.72609
19.94) -0.72209
19.95) -0.7181
19.96) -0.7141
19.97) -0.71011
19.98) -0.70612
19.992) -0.70213