0.0) 0.14063
0.01) 0.14063
0.02) 0.14063
0.03) 0.14064
0.04) 0.14066
0.05) 0.14068
0.06) 0.14072
0.07) 0.14077
0.08) 0.1407
0.09) 0.14064
0.1) 0.14059
0.11) 0.14055
0.12) 0.14053
0.13) 0.14053
0.14) 0.14056
0.15) 0.14064
0.16) 0.14076
0.17) 0.14064
0.18) 0.14056
0.19) 0.14054
0.2) 0.14058
0.21) 0.14069
0.22) 0.1405
0.23) 0.14039
0.24) 0.14036
0.25) 0.14043
0.26) 0.1406
0.27) 0.14042
0.28) 0.14035
0.29) 0.1404
0.3) 0.14058
0.31) 0.14039
0.32) 0.14032
0.33) 0.1404
0.34) 0.14063
0.3503) 0.14046
0.36) 0.14044
0.37) 0.1406
0.38) 0.14032
0.39) 0.14022
0.4) 0.14029
0.4103) 0.14057
0.42) 0.14038
0.43) 0.14038
0.44) 0.14059
0.45) 0.14032
0.46) 0.14026
0.4703) 0.14041
0.48) 0.14006
0.49) 0.13992
0.5) 0.14
0.51) 0.1403
0.52) 0.14008
0.53) 0.14008
0.54) 0.14032
0.55) 0.14
0.56) 0.13991
0.571) 0.14005
0.58) 0.14042
0.59) 0.14022
0.6) 0.14025
0.61) 0.14051
0.62) 0.14017
0.63) 0.14006
0.64) 0.14018
0.65) 0.14052
0.66) 0.14024
0.67) 0.14018
0.68) 0.14034
0.691) 0.14072
0.701) 0.14045
0.71) 0.1404
0.72) 0.14055
0.73) 0.14091
0.74) 0.1406
0.75) 0.14049
0.76) 0.14057
0.77) 0.14084
0.78) 0.14043
0.79) 0.1402
0.8) 0.14015
0.81) 0.14028
0.821) 0.14058
0.831) 0.14016
0.84) 0.13991
0.85) 0.13983
0.86) 0.13989
0.87) 0.14011
0.88) 0.14048
0.89) 0.14011
0.9) 0.13988
0.91) 0.13978
0.92) 0.13982
0.93) 0.13998
0.941) 0.14026
0.951) 0.14067
0.96) 0.14031
0.97) 0.14006
0.98) 0.13992
0.99) 0.13989
1.0) 0.13995
1.01) 0.14011
1.02) 0.14036
1.03) 0.14069
1.04) 0.14111
1.05) 0.14075
1.06) 0.14047
1.07) 0.14026
1.08) 0.14012
1.09) 0.14005
1.1) 0.14004
1.11) 0.14009
1.12) 0.1402
1.131) 0.14036
1.141) 0.14056
1.151) 0.14082
1.16) 0.14112
1.17) 0.14145
1.18) 0.14183
1.19) 0.14143
1.2) 0.14106
1.21) 0.14072
1.22) 0.14042
1.23) 0.14014
1.24) 0.13989
1.25) 0.13966
1.26) 0.13945
1.27) 0.13926
1.28) 0.13908
1.29) 0.13892
1.3) 0.13877
1.31) 0.13863
1.32) 0.1385
1.33) 0.13838
1.34) 0.13826
1.35) 0.13815
1.36) 0.13804
1.37) 0.13792
1.381) 0.13781
1.391) 0.13769
1.401) 0.13758
1.41) 0.13745
1.42) 0.13732
1.43) 0.13719
1.44) 0.13704
1.45) 0.13689
1.46) 0.13673
1.47) 0.13655
1.48) 0.13637
1.49) 0.13617
1.5) 0.13596
1.51) 0.13574
1.52) 0.1355
1.53) 0.13524
1.54) 0.13497
1.55) 0.13469
1.56) 0.13439
1.57) 0.13407
1.58) 0.13439
1.59) 0.13469
1.6) 0.13497
1.61) 0.13522
1.62) 0.13545
1.631) 0.13566
1.641) 0.13585
1.651) 0.13601
1.661) 0.13615
1.67) 0.13627
1.68) 0.13636
1.69) 0.13643
1.7) 0.13647
1.71) 0.13649
1.72) 0.13648
1.73) 0.13645
1.74) 0.13639
1.75) 0.1363
1.76) 0.13619
1.77) 0.13606
1.78) 0.1359
1.79) 0.13572
1.8) 0.13551
1.81) 0.13527
1.82) 0.13501
1.83) 0.13473
1.84) 0.135
1.85) 0.13524
1.86) 0.13545
1.87) 0.13564
1.881) 0.1358
1.891) 0.13593
1.901) 0.13604
1.911) 0.13612
1.92) 0.13617
1.93) 0.13619
1.94) 0.13618
1.95) 0.13615
1.96) 0.13609
1.97) 0.136
1.98) 0.13589
1.99) 0.13575
2.0) 0.13558
2.012) 0.13538
2.02) 0.13516
2.032) 0.13492
2.04) 0.13518
2.05) 0.13542
2.06) 0.13563
2.07) 0.13582
2.08) 0.13598
2.09) 0.1361
2.1) 0.13621
2.11) 0.13628
2.12) 0.13633
2.13) 0.13634
2.14) 0.13633
2.15) 0.1363
2.16) 0.13623
2.17) 0.13614
2.18) 0.13603
2.19) 0.13588
2.2) 0.13571
2.21) 0.13551
2.22) 0.13529
2.23) 0.13503
2.24) 0.13528
2.25) 0.13549
2.262) 0.13568
2.27) 0.13584
2.282) 0.13598
2.29) 0.13608
2.303) 0.13616
2.31) 0.13622
2.32) 0.13624
2.33) 0.13624
2.34) 0.13621
2.35) 0.13616
2.36) 0.13607
2.37) 0.13596
2.38) 0.13582
2.39) 0.13566
2.4) 0.13547
2.41) 0.13525
2.42) 0.135
2.43) 0.13525
2.44) 0.13547
2.45) 0.13567
2.46) 0.13584
2.47) 0.13598
2.48) 0.13609
2.49) 0.13618
2.5) 0.13624
2.512) 0.13627
2.52) 0.13628
2.532) 0.13626
2.54) 0.13621
2.553) 0.13613
2.56) 0.13603
2.57) 0.13589
2.58) 0.13573
2.59) 0.13555
2.6) 0.13533
2.61) 0.13509
2.62) 0.13482
2.63) 0.13506
2.64) 0.13528
2.65) 0.13547
2.66) 0.13564
2.67) 0.13577
2.68) 0.13589
2.69) 0.13597
2.7) 0.13603
2.71) 0.13606
2.72) 0.13606
2.73) 0.13603
2.74) 0.13598
2.75) 0.1359
2.762) 0.13579
2.77) 0.13566
2.782) 0.13549
2.79) 0.1353
2.803) 0.13509
2.81) 0.13484
2.82) 0.13457
2.83) 0.13485
2.84) 0.13511
2.85) 0.13534
2.86) 0.13555
2.87) 0.13573
2.88) 0.13588
2.89) 0.13602
2.9) 0.13612
2.91) 0.1362
2.92) 0.13626
2.93) 0.13629
2.94) 0.13629
2.95) 0.13627
2.96) 0.13623
2.97) 0.13616
2.98) 0.13607
2.99) 0.13595
3.0) 0.13581
3.012) 0.13564
3.02) 0.13545
3.032) 0.13524
3.04) 0.135
3.053) 0.13475
3.06) 0.13447
3.073) 0.13416
3.08) 0.13384
3.09) 0.13416
3.1) 0.13446
3.11) 0.13474
3.12) 0.13501
3.13) 0.13526
3.14) 0.1355
3.15) 0.13572
3.16) 0.13593
3.17) 0.13613
3.18) 0.13631
3.19) 0.13649
3.2) 0.13665
3.21) 0.1368
3.22) 0.13694
3.23) 0.13708
3.24) 0.13721
3.25) 0.13733
3.262) 0.13745
3.27) 0.13756
3.282) 0.13768
3.29) 0.13779
3.303) 0.1379
3.31) 0.13802
3.323) 0.13813
3.33) 0.13826
3.34) 0.13839
3.35) 0.13853
3.36) 0.13868
3.37) 0.13884
3.38) 0.13902
3.39) 0.13921
3.4) 0.13942
3.41) 0.13965
3.42) 0.13991
3.43) 0.14019
3.44) 0.14049
3.45) 0.14083
3.46) 0.1412
3.47) 0.14161
3.48) 0.14123
3.49) 0.1409
3.5) 0.1406
3.512) 0.14035
3.52) 0.14015
3.532) 0.13999
3.54) 0.13989
3.553) 0.13985
3.56) 0.13986
3.573) 0.13994
3.58) 0.14008
3.59) 0.14029
3.6) 0.14058
3.61) 0.14095
3.62) 0.14054
3.63) 0.14021
3.64) 0.13997
3.65) 0.13982
3.66) 0.13976
3.67) 0.1398
3.68) 0.13995
3.69) 0.1402
3.7) 0.14057
3.71) 0.14017
3.72) 0.1399
3.73) 0.13974
3.74) 0.13972
3.75) 0.13982
3.762) 0.14007
3.77) 0.14045
3.782) 0.14009
3.79) 0.13988
3.803) 0.13983
3.81) 0.13993
3.823) 0.14019
3.83) 0.14061
3.84) 0.14033
3.85) 0.14021
3.86) 0.14028
3.87) 0.14052
3.88) 0.14095
3.89) 0.14068
3.9) 0.14061
3.91) 0.14074
3.92) 0.14106
3.93) 0.14072
3.94) 0.14059
3.95) 0.14066
3.96) 0.14094
3.97) 0.14058
3.98) 0.14043
3.99) 0.14051
4.0) 0.14081
4.01) 0.14048
4.025) 0.14038
4.03) 0.14051
4.04) 0.14086
4.05) 0.14062
4.065) 0.14061
4.07) 0.14083
4.08) 0.14048
4.09) 0.14036
4.1) 0.14047
4.11) 0.1408
4.12) 0.14059
4.13) 0.1406
4.14) 0.14084
4.15) 0.14056
4.16) 0.1405
4.17) 0.14065
4.18) 0.14031
4.19) 0.14018
4.2) 0.14026
4.21) 0.14055
4.22) 0.14036
4.23) 0.14037
4.24) 0.14057
4.25) 0.14032
4.26) 0.14026
4.275) 0.14038
4.28) 0.14067
4.29) 0.14053
4.3) 0.14056
4.315) 0.14075
4.32) 0.14053
4.33) 0.14046
4.34) 0.14054
4.355) 0.14075
4.36) 0.14058
4.37) 0.14054
4.38) 0.14062
4.39) 0.14081
4.4) 0.14065
4.41) 0.14059
4.42) 0.14063
4.43) 0.14075
4.44) 0.14057
4.45) 0.14046
4.46) 0.14043
4.47) 0.14046
4.48) 0.14054
4.49) 0.14066
4.5) 0.14055
4.51) 0.14048
4.525) 0.14045
4.53) 0.14045
4.54) 0.14047
4.55) 0.14051
4.565) 0.14057
4.57) 0.14063
4.58) 0.14069
4.59) 0.14064
4.605) 0.14061
4.61) 0.14058
4.62) 0.14057
4.63) 0.14056
4.64) 0.14055
4.65) 0.14055
4.66) 0.14056
4.67) 0.14057
4.68) 0.14059
4.69) 0.14061
4.7) 0.14065
4.71) 0.14071
4.72) 0.14064
4.73) 0.14058
4.74) 0.14053
4.75) 0.14049
4.76) 0.14048
4.775) 0.14048
4.78) 0.14052
4.79) 0.14061
4.8) 0.14073
4.815) 0.14062
4.82) 0.14055
4.83) 0.14054
4.84) 0.14059
4.855) 0.14072
4.86) 0.14055
4.87) 0.14045
4.88) 0.14043
4.89) 0.14052
4.9) 0.14071
4.91) 0.14055
4.92) 0.1405
4.93) 0.14057
4.94) 0.14078
4.95) 0.1406
4.96) 0.14056
4.97) 0.14067
4.98) 0.14093
4.99) 0.14079
5.0) 0.1408
5.01) 0.14099
5.025) 0.14074
5.03) 0.14067
5.04) 0.14079
5.05) 0.1411
5.065) 0.14095
5.07) 0.14099
5.08) 0.14124
5.09) 0.14101
5.105) 0.14099
5.11) 0.14118
5.12) 0.14087
5.13) 0.14078
5.14) 0.1409
5.15) 0.14126
5.16) 0.14108
5.17) 0.14113
5.18) 0.14141
5.19) 0.14114
5.2) 0.1411
5.21) 0.14129
5.22) 0.14091
5.23) 0.14076
5.24) 0.14084
5.25) 0.14115
5.26) 0.14087
5.275) 0.14081
5.28) 0.14097
5.29) 0.14136
5.3) 0.14113
5.315) 0.14113
5.32) 0.14134
5.33) 0.14176
5.34) 0.14155
5.355) 0.14154
5.36) 0.14174
5.37) 0.14214
5.38) 0.14188
5.39) 0.14182
5.4) 0.14195
5.41) 0.14227
5.42) 0.1419
5.43) 0.14172
5.44) 0.14171
5.45) 0.14188
5.46) 0.14223
5.47) 0.14185
5.48) 0.14164
5.49) 0.1416
5.5) 0.1417
5.51) 0.14196
5.525) 0.14237
5.53) 0.14204
5.54) 0.14184
5.55) 0.14178
5.565) 0.14185
5.57) 0.14205
5.58) 0.14237
5.59) 0.14281
5.605) 0.14248
5.61) 0.14227
5.62) 0.14216
5.63) 0.14215
5.64) 0.14224
5.65) 0.14243
5.66) 0.1427
5.67) 0.14307
5.68) 0.14265
5.69) 0.14231
5.7) 0.14206
5.71) 0.14187
5.72) 0.14175
5.73) 0.1417
5.74) 0.14171
5.75) 0.14178
5.76) 0.1419
5.775) 0.14208
5.78) 0.14231
5.79) 0.14258
5.8) 0.14289
5.815) 0.14324
5.82) 0.14363
5.83) 0.14324
5.84) 0.14288
5.855) 0.14255
5.86) 0.14226
5.87) 0.14199
5.88) 0.14174
5.89) 0.14152
5.9) 0.14132
5.91) 0.14113
5.92) 0.14096
5.93) 0.14081
5.94) 0.14066
5.95) 0.14053
5.96) 0.1404
5.97) 0.14028
5.98) 0.14016
5.99) 0.14005
6.0) 0.13993
6.01) 0.13982
6.025) 0.13971
6.03) 0.13959
6.04) 0.13947
6.05) 0.13934
6.065) 0.13921
6.07) 0.13907
6.08) 0.13892
6.09) 0.13876
6.105) 0.13859
6.11) 0.13842
6.12) 0.13822
6.13) 0.13802
6.14) 0.1378
6.15) 0.13757
6.16) 0.13732
6.17) 0.13706
6.18) 0.13678
6.19) 0.13649
6.2) 0.13618
6.21) 0.13585
6.22) 0.13616
6.23) 0.13645
6.24) 0.13672
6.25) 0.13696
6.26) 0.13719
6.275) 0.13738
6.28) 0.13756
6.29) 0.13771
6.3) 0.13784
6.315) 0.13794
6.32) 0.13802
6.33) 0.13807
6.34) 0.1381
6.355) 0.13811
6.36) 0.13809
6.37) 0.13804
6.38) 0.13797
6.39) 0.13787
6.4) 0.13774
6.41) 0.1376
6.42) 0.13742
6.43) 0.13722
6.44) 0.137
6.45) 0.13674
6.46) 0.13647
6.47) 0.13675
6.48) 0.13701
6.49) 0.13723
6.5) 0.13743
6.51) 0.1376
6.525) 0.13775
6.53) 0.13786
6.54) 0.13795
6.55) 0.13801
6.565) 0.13804
6.57) 0.13805
6.58) 0.13802
6.59) 0.13797
6.605) 0.13789
6.61) 0.13779
6.62) 0.13765
6.63) 0.13749
6.64) 0.13731
6.65) 0.13709
6.66) 0.13685
6.67) 0.13658
6.68) 0.13683
6.69) 0.13705
6.7) 0.13724
6.71) 0.13741
6.72) 0.13755
6.73) 0.13766
6.74) 0.13774
6.75) 0.13779
6.76) 0.13781
6.775) 0.13781
6.78) 0.13778
6.79) 0.13772
6.8) 0.13764
6.815) 0.13753
6.82) 0.13739
6.83) 0.13722
6.84) 0.13703
6.855) 0.1368
6.86) 0.13656
6.87) 0.1368
6.88) 0.13703
6.89) 0.13722
6.9) 0.13739
6.91) 0.13753
6.92) 0.13764
6.93) 0.13772
6.94) 0.13778
6.95) 0.13781
6.96) 0.13781
6.97) 0.13779
6.98) 0.13773
6.99) 0.13765
7.0) 0.13755
7.01) 0.13741
7.025) 0.13725
7.03) 0.13706
7.04) 0.13684
7.05) 0.13659
7.065) 0.13684
7.07) 0.13707
7.08) 0.13727
7.09) 0.13744
7.105) 0.13758
7.11) 0.1377
7.12) 0.13779
7.13) 0.13785
7.14) 0.13788
7.15) 0.13789
7.16) 0.13787
7.17) 0.13782
7.18) 0.13774
7.19) 0.13764
7.2) 0.1375
7.21) 0.13734
7.22) 0.13715
7.23) 0.13694
7.24) 0.13669
7.25) 0.13696
7.26) 0.13721
7.275) 0.13743
7.28) 0.13762
7.29) 0.13778
7.3) 0.13792
7.315) 0.13803
7.32) 0.13811
7.33) 0.13817
7.34) 0.13819
7.355) 0.13819
7.36) 0.13816
7.37) 0.13811
7.38) 0.13802
7.39) 0.13791
7.4) 0.13777
7.41) 0.1376
7.42) 0.13741
7.43) 0.13718
7.44) 0.13693
7.45) 0.13665
7.46) 0.13693
7.47) 0.13719
7.48) 0.13742
7.49) 0.13762
7.5) 0.1378
7.51) 0.13795
7.525) 0.13808
7.53) 0.13818
7.54) 0.13825
7.55) 0.1383
7.565) 0.13833
7.57) 0.13833
7.58) 0.1383
7.59) 0.13825
7.605) 0.13817
7.61) 0.13807
7.62) 0.13795
7.63) 0.1378
7.64) 0.13763
7.65) 0.13743
7.66) 0.13721
7.67) 0.13697
7.68) 0.1367
7.69) 0.13641
7.7) 0.1361
7.71) 0.13577
7.72) 0.13609
7.73) 0.13638
7.74) 0.13666
7.75) 0.13693
7.76) 0.13718
7.775) 0.13741
7.78) 0.13763
7.79) 0.13783
7.8) 0.13803
7.815) 0.13821
7.82) 0.13838
7.83) 0.13854
7.84) 0.13868
7.855) 0.13883
7.86) 0.13896
7.87) 0.13909
7.88) 0.13921
7.89) 0.13932
7.9) 0.13944
7.91) 0.13955
7.92) 0.13966
7.93) 0.13978
7.94) 0.13989
7.95) 0.14001
7.96) 0.14014
7.97) 0.14028
7.98) 0.14042
7.99) 0.14057
8.0) 0.14074
8.01) 0.14093
8.02) 0.14113
8.03) 0.14135
8.04) 0.14159
8.05) 0.14185
8.06) 0.14215
8.07) 0.14247
8.08) 0.14282
8.09) 0.14321
8.1) 0.14281
8.11) 0.14246
8.12) 0.14214
8.13) 0.14186
8.14) 0.14163
8.15) 0.14145
8.16) 0.14132
8.17) 0.14124
8.18) 0.14122
8.19) 0.14126
8.2) 0.14137
8.21) 0.14154
8.22) 0.14179
8.23) 0.14212
8.24) 0.14252
8.25) 0.14215
8.26) 0.14186
8.27) 0.14166
8.28) 0.14155
8.29) 0.14154
8.3) 0.14164
8.31) 0.14183
8.32) 0.14214
8.33) 0.14256
8.34) 0.14223
8.35) 0.14201
8.36) 0.14192
8.37) 0.14196
8.38) 0.14213
8.39) 0.14244
8.4) 0.14202
8.41) 0.14173
8.42) 0.1416
8.43) 0.14163
8.44) 0.14181
8.45) 0.14216
8.46) 0.14179
8.47) 0.14159
8.48) 0.14157
8.49) 0.14172
8.5) 0.14207
8.51) 0.14171
8.52) 0.14155
8.53) 0.14159
8.54) 0.14182
8.55) 0.14225
8.56) 0.14202
8.57) 0.14199
8.58) 0.14218
8.59) 0.14258
8.6) 0.14233
8.61) 0.14231
8.62) 0.14251
8.63) 0.14292
8.64) 0.14272
8.65) 0.14275
8.66) 0.14301
8.67) 0.14267
8.68) 0.14256
8.69) 0.14268
8.71) 0.14303
8.71) 0.14281
8.72) 0.14282
8.73) 0.14306
8.74) 0.14275
8.75) 0.14268
8.76) 0.14283
8.77) 0.1432
8.78) 0.14305
8.79) 0.14312
8.8) 0.14342
8.81) 0.1432
8.82) 0.14321
8.83) 0.14342
8.84) 0.14315
8.85) 0.14309
8.86) 0.14323
8.87) 0.14291
8.88) 0.14278
8.89) 0.14284
8.9) 0.14308
8.91) 0.14288
8.92) 0.14286
8.93) 0.143
8.94) 0.14274
8.95) 0.14263
8.96) 0.14266
8.97) 0.14284
8.98) 0.14263
8.99) 0.14256
9.0) 0.14261
9.01) 0.14277
9.02) 0.14259
9.03) 0.14251
9.04) 0.14253
9.05) 0.14263
9.06) 0.14282
9.07) 0.1427
9.08) 0.14265
9.09) 0.14267
9.1) 0.14275
9.11) 0.14287
9.12) 0.14275
9.13) 0.14268
9.14) 0.14265
9.15) 0.14265
9.16) 0.14267
9.17) 0.14272
9.18) 0.14278
9.19) 0.14285
9.21) 0.14278
9.21) 0.14274
9.22) 0.1427
9.23) 0.14268
9.24) 0.14266
9.25) 0.14265
9.26) 0.14265
9.27) 0.14265
9.28) 0.14265
9.29) 0.14266
9.3) 0.14267
9.31) 0.14269
9.32) 0.14272
9.33) 0.14275
9.34) 0.14281
9.35) 0.14274
9.36) 0.14267
9.37) 0.14262
9.38) 0.14258
9.39) 0.14256
9.4) 0.14257
9.41) 0.14262
9.42) 0.14271
9.43) 0.14285
9.44) 0.14275
9.45) 0.14269
9.46) 0.1427
9.47) 0.14277
9.48) 0.14292
9.49) 0.14277
9.5) 0.1427
9.51) 0.14272
9.52) 0.14284
9.53) 0.14262
9.54) 0.1425
9.55) 0.1425
9.56) 0.14263
9.57) 0.14237
9.58) 0.14225
9.59) 0.14227
9.6) 0.14245
9.61) 0.14221
9.62) 0.14213
9.63) 0.14222
9.64) 0.14249
9.65) 0.14232
9.66) 0.14233
9.67) 0.14254
9.68) 0.14228
9.69) 0.14222
9.71) 0.14236
9.71) 0.14202
9.72) 0.14189
9.73) 0.14197
9.74) 0.14226
9.75) 0.14205
9.76) 0.14206
9.77) 0.1423
9.78) 0.14201
9.79) 0.14194
9.8) 0.1421
9.81) 0.14172
9.82) 0.14156
9.83) 0.14163
9.84) 0.14194
9.85) 0.14167
9.86) 0.14163
9.87) 0.14182
9.88) 0.14142
9.89) 0.14125
9.9) 0.1413
9.91) 0.14158
9.92) 0.14124
9.93) 0.14112
9.94) 0.14122
9.95) 0.14153
9.96) 0.14121
9.97) 0.1411
9.98) 0.14119
9.99) 0.14149
10.0) 0.14113
10.01) 0.14097
10.02) 0.141
10.03) 0.14122
10.04) 0.14164
10.05) 0.14136
10.06) 0.14126
10.07) 0.14134
10.08) 0.1416
10.09) 0.14202
10.1) 0.14173
10.11) 0.1416
10.12) 0.14163
10.13) 0.14181
10.14) 0.14214
10.15) 0.14173
10.16) 0.14147
10.17) 0.14134
10.18) 0.14134
10.19) 0.14148
10.21) 0.14173
10.21) 0.14211
10.22) 0.14173
10.23) 0.14145
10.24) 0.14129
10.25) 0.14123
10.26) 0.14127
10.27) 0.14141
10.28) 0.14164
10.29) 0.14196
10.3) 0.14236
10.31) 0.14198
10.32) 0.14168
10.33) 0.14146
10.34) 0.1413
10.35) 0.14122
10.36) 0.14119
10.37) 0.14123
10.38) 0.14133
10.39) 0.14148
10.4) 0.14167
10.41) 0.14192
10.42) 0.14221
10.43) 0.14254
10.44) 0.14291
10.45) 0.14332
10.46) 0.14294
10.47) 0.1426
10.48) 0.14229
10.49) 0.142
10.5) 0.14175
10.51) 0.14151
10.52) 0.1413
10.53) 0.1411
10.54) 0.14092
10.55) 0.14076
10.56) 0.14061
10.57) 0.14047
10.58) 0.14034
10.59) 0.14021
10.6) 0.14009
10.61) 0.13998
10.62) 0.13987
10.63) 0.13975
10.64) 0.13964
10.65) 0.13952
10.66) 0.13941
10.67) 0.13928
10.68) 0.13915
10.69) 0.13902
10.71) 0.13887
10.71) 0.13872
10.72) 0.13856
10.73) 0.13839
10.74) 0.1382
10.75) 0.13801
10.76) 0.13779
10.77) 0.13757
10.78) 0.13733
10.79) 0.13708
10.8) 0.13681
10.81) 0.13652
10.82) 0.13622
10.83) 0.1359
10.84) 0.13623
10.85) 0.13653
10.86) 0.13681
10.87) 0.13707
10.88) 0.1373
10.89) 0.13751
10.9) 0.1377
10.91) 0.13787
10.92) 0.13801
10.93) 0.13812
10.94) 0.13822
10.95) 0.13828
10.96) 0.13833
10.97) 0.13834
10.98) 0.13834
10.99) 0.1383
11.0) 0.13824
11.01) 0.13816
11.02) 0.13805
11.03) 0.13791
11.04) 0.13775
11.05) 0.13757
11.06) 0.13735
11.07) 0.13712
11.08) 0.13685
11.09) 0.13657
11.1) 0.13684
11.11) 0.13708
11.12) 0.13729
11.13) 0.13748
11.14) 0.13764
11.15) 0.13777
11.16) 0.13787
11.17) 0.13794
11.18) 0.13799
11.19) 0.13801
11.21) 0.138
11.21) 0.13796
11.22) 0.1379
11.23) 0.13781
11.24) 0.13769
11.25) 0.13754
11.26) 0.13737
11.27) 0.13717
11.28) 0.13694
11.29) 0.13669
11.3) 0.13696
11.31) 0.13719
11.32) 0.1374
11.33) 0.13758
11.34) 0.13773
11.35) 0.13785
11.36) 0.13795
11.37) 0.13802
11.38) 0.13806
11.39) 0.13807
11.4) 0.13805
11.41) 0.13801
11.42) 0.13794
11.43) 0.13784
11.44) 0.13772
11.45) 0.13756
11.46) 0.13738
11.47) 0.13718
11.48) 0.13694
11.49) 0.13668
11.5) 0.13692
11.51) 0.13712
11.52) 0.13731
11.53) 0.13746
11.54) 0.13759
11.55) 0.13768
11.56) 0.13776
11.57) 0.1378
11.58) 0.13782
11.59) 0.1378
11.6) 0.13777
11.61) 0.1377
11.62) 0.13761
11.63) 0.13748
11.64) 0.13733
11.65) 0.13716
11.66) 0.13695
11.67) 0.13672
11.68) 0.13646
11.69) 0.1367
11.71) 0.13692
11.71) 0.1371
11.72) 0.13726
11.73) 0.13739
11.74) 0.13749
11.75) 0.13757
11.76) 0.13762
11.77) 0.13764
11.78) 0.13763
11.79) 0.1376
11.8) 0.13753
11.81) 0.13744
11.82) 0.13733
11.83) 0.13718
11.84) 0.13701
11.85) 0.1368
11.86) 0.13657
11.87) 0.13632
11.88) 0.13657
11.89) 0.13681
11.9) 0.13701
11.91) 0.13719
11.92) 0.13734
11.93) 0.13747
11.94) 0.13756
11.95) 0.13763
11.96) 0.13768
11.97) 0.13769
11.98) 0.13768
11.99) 0.13764
12.0) 0.13757
12.01) 0.13747
12.02) 0.13735
12.03) 0.1372
12.04) 0.13702
12.05) 0.13681
12.06) 0.13657
12.07) 0.13631
12.08) 0.13602
12.09) 0.13629
12.1) 0.13653
12.11) 0.13675
12.12) 0.13694
12.13) 0.13711
12.14) 0.13725
12.15) 0.13736
12.16) 0.13745
12.17) 0.13752
12.18) 0.13756
12.19) 0.13757
12.21) 0.13756
12.21) 0.13752
12.22) 0.13746
12.23) 0.13738
12.24) 0.13727
12.25) 0.13713
12.26) 0.13698
12.27) 0.13679
12.28) 0.13659
12.29) 0.13636
12.3) 0.13611
12.31) 0.13583
12.32) 0.13554
12.33) 0.13522
12.34) 0.13555
12.35) 0.13585
12.36) 0.13614
12.37) 0.13642
12.38) 0.13667
12.39) 0.13692
12.4) 0.13714
12.41) 0.13736
12.42) 0.13756
12.43) 0.13775
12.44) 0.13792
12.45) 0.13809
12.46) 0.13824
12.47) 0.13839
12.48) 0.13853
12.49) 0.13866
12.5) 0.13878
12.51) 0.1389
12.52) 0.13902
12.53) 0.13913
12.54) 0.13924
12.55) 0.13936
12.56) 0.13947
12.57) 0.13959
12.58) 0.13971
12.59) 0.13984
12.6) 0.13998
12.61) 0.14012
12.62) 0.14028
12.63) 0.14046
12.64) 0.14065
12.65) 0.14085
12.66) 0.14108
12.67) 0.14133
12.68) 0.14161
12.69) 0.14191
12.71) 0.14224
12.71) 0.1426
12.72) 0.143
12.73) 0.14262
12.74) 0.14228
12.75) 0.14198
12.76) 0.14172
12.77) 0.1415
12.78) 0.14134
12.79) 0.14122
12.8) 0.14117
12.81) 0.14117
12.82) 0.14123
12.83) 0.14137
12.84) 0.14157
12.85) 0.14184
12.86) 0.14219
12.87) 0.14177
12.88) 0.14142
12.89) 0.14116
12.9) 0.141
12.91) 0.14093
12.92) 0.14095
12.93) 0.14108
12.94) 0.14132
12.95) 0.14166
12.96) 0.14125
12.97) 0.14095
12.98) 0.14078
12.99) 0.14073
13.0) 0.14082
13.01) 0.14104
13.02) 0.1414
13.03) 0.14102
13.04) 0.14079
13.05) 0.14071
13.06) 0.14079
13.07) 0.14102
13.08) 0.14142
13.09) 0.14111
13.1) 0.14097
13.11) 0.14101
13.12) 0.14123
13.13) 0.14163
13.14) 0.14134
13.15) 0.14124
13.16) 0.14134
13.17) 0.14164
13.18) 0.14126
13.19) 0.1411
13.21) 0.14114
13.21) 0.14139
13.22) 0.141
13.23) 0.14083
13.24) 0.14088
13.25) 0.14114
13.26) 0.14079
13.27) 0.14066
13.28) 0.14076
13.29) 0.14108
13.3) 0.14081
13.31) 0.14077
13.32) 0.14096
13.33) 0.14057
13.34) 0.14042
13.35) 0.1405
13.36) 0.1408
13.37) 0.14056
13.38) 0.14054
13.39) 0.14076
13.4) 0.14044
13.41) 0.14035
13.42) 0.14048
13.43) 0.14082
13.44) 0.14066
13.45) 0.14072
13.46) 0.14098
13.47) 0.14076
13.48) 0.14075
13.49) 0.14093
13.5) 0.14065
13.51) 0.14056
13.52) 0.14066
13.53) 0.14093
13.54) 0.14077
13.55) 0.14078
13.56) 0.14095
13.57) 0.14071
13.58) 0.14063
13.59) 0.14069
13.6) 0.14089
13.61) 0.1407
13.62) 0.14065
13.63) 0.14071
13.64) 0.14089
13.65) 0.14071
13.66) 0.14065
13.67) 0.14067
13.68) 0.14079
13.69) 0.14097
13.71) 0.14086
13.71) 0.14082
13.72) 0.14084
13.73) 0.14091
13.74) 0.14103
13.75) 0.14091
13.76) 0.14084
13.77) 0.14081
13.78) 0.1408
13.79) 0.14083
13.8) 0.14087
13.81) 0.14092
13.82) 0.14098
13.83) 0.14105
13.84) 0.141
13.85) 0.14096
13.86) 0.14094
13.87) 0.14092
13.88) 0.14091
13.89) 0.14091
13.9) 0.14091
13.91) 0.14091
13.92) 0.14092
13.93) 0.14094
13.94) 0.14096
13.95) 0.141
13.96) 0.14105
13.97) 0.14098
13.98) 0.14092
13.99) 0.14086
14.0) 0.14082
14.01) 0.1408
14.02) 0.1408
14.03) 0.14083
14.04) 0.1409
14.05) 0.14102
14.06) 0.1409
14.07) 0.14082
14.08) 0.14079
14.09) 0.14083
14.1) 0.14094
14.11) 0.14075
14.12) 0.14064
14.13) 0.1406
14.14) 0.14066
14.15) 0.14083
14.16) 0.14065
14.17) 0.14058
14.18) 0.14063
14.19) 0.1408
14.21) 0.1406
14.21) 0.14053
14.22) 0.14061
14.23) 0.14084
14.24) 0.14066
14.25) 0.14064
14.26) 0.14079
14.27) 0.1405
14.28) 0.1404
14.29) 0.14047
14.3) 0.14074
14.31) 0.14054
14.32) 0.14055
14.33) 0.14075
14.34) 0.14048
14.35) 0.14041
14.36) 0.14055
14.37) 0.1402
14.38) 0.14005
14.39) 0.14013
14.4) 0.14043
14.41) 0.1402
14.42) 0.1402
14.43) 0.14043
14.44) 0.14011
14.45) 0.14002
14.46) 0.14015
14.47) 0.14052
14.48) 0.14031
14.49) 0.14034
14.5) 0.14059
14.51) 0.14025
14.52) 0.14014
14.53) 0.14025
14.54) 0.14059
14.55) 0.1403
14.56) 0.14024
14.57) 0.1404
14.58) 0.14077
14.59) 0.1405
14.6) 0.14044
14.61) 0.14059
14.62) 0.14094
14.63) 0.14063
14.64) 0.14052
14.65) 0.1406
14.66) 0.14087
14.67) 0.14045
14.68) 0.14022
14.69) 0.14017
14.71) 0.14029
14.71) 0.14059
14.72) 0.14017
14.73) 0.13992
14.74) 0.13983
14.75) 0.13989
14.76) 0.14011
14.77) 0.14047
14.78) 0.1401
14.79) 0.13986
14.8) 0.13977
14.81) 0.1398
14.82) 0.13996
14.83) 0.14024
14.84) 0.14064
14.85) 0.14028
14.86) 0.14004
14.87) 0.1399
14.88) 0.13986
14.89) 0.13992
14.9) 0.14008
14.91) 0.14032
14.92) 0.14066
14.93) 0.14107
14.94) 0.14071
14.95) 0.14043
14.96) 0.14022
14.97) 0.14008
14.98) 0.14001
14.99) 0.13999
15.0) 0.14004
15.01) 0.14015
15.02) 0.14031
15.03) 0.14051
15.04) 0.14077
15.05) 0.14107
15.06) 0.1414
15.07) 0.14178
15.08) 0.14137
15.09) 0.14101
15.1) 0.14067
15.11) 0.14036
15.12) 0.14009
15.13) 0.13983
15.14) 0.1396
15.15) 0.13939
15.16) 0.1392
15.17) 0.13903
15.18) 0.13886
15.19) 0.13872
15.21) 0.13858
15.21) 0.13845
15.22) 0.13832
15.23) 0.1382
15.24) 0.13809
15.25) 0.13798
15.26) 0.13787
15.27) 0.13775
15.28) 0.13764
15.29) 0.13752
15.3) 0.1374
15.31) 0.13727
15.32) 0.13713
15.33) 0.13699
15.34) 0.13683
15.35) 0.13667
15.36) 0.1365
15.37) 0.13631
15.38) 0.13612
15.39) 0.13591
15.4) 0.13568
15.41) 0.13544
15.42) 0.13519
15.43) 0.13492
15.44) 0.13463
15.45) 0.13433
15.46) 0.13401
15.47) 0.13433
15.48) 0.13464
15.49) 0.13491
15.5) 0.13517
15.51) 0.1354
15.52) 0.13561
15.53) 0.1358
15.54) 0.13597
15.55) 0.13611
15.56) 0.13622
15.57) 0.13631
15.58) 0.13638
15.59) 0.13642
15.6) 0.13644
15.61) 0.13643
15.62) 0.1364
15.63) 0.13634
15.64) 0.13626
15.65) 0.13615
15.66) 0.13602
15.67) 0.13586
15.68) 0.13568
15.69) 0.13547
15.71) 0.13523
15.71) 0.13497
15.72) 0.13469
15.73) 0.13496
15.74) 0.1352
15.75) 0.13542
15.76) 0.13561
15.77) 0.13577
15.78) 0.1359
15.79) 0.13601
15.8) 0.13608
15.81) 0.13613
15.82) 0.13616
15.83) 0.13615
15.84) 0.13612
15.85) 0.13606
15.86) 0.13597
15.87) 0.13586
15.88) 0.13572
15.89) 0.13555
15.9) 0.13536
15.91) 0.13514
15.92) 0.13489
15.93) 0.13516
15.94) 0.1354
15.95) 0.13561
15.96) 0.1358
15.97) 0.13596
15.98) 0.13609
15.99) 0.13619
16.0) 0.13626
16.01) 0.13631
16.02) 0.13633
16.03) 0.13632
16.04) 0.13628
16.05) 0.13622
16.06) 0.13613
16.07) 0.13602
16.08) 0.13587
16.09) 0.1357
16.1) 0.1355
16.11) 0.13528
16.12) 0.13503
16.13) 0.13527
16.14) 0.13549
16.15) 0.13568
16.16) 0.13584
16.17) 0.13597
16.18) 0.13608
16.19) 0.13616
16.2) 0.13622
16.21) 0.13624
16.22) 0.13624
16.23) 0.13621
16.24) 0.13616
16.25) 0.13608
16.26) 0.13597
16.27) 0.13583
16.28) 0.13566
16.29) 0.13547
16.3) 0.13525
16.31) 0.13501
16.32) 0.13526
16.33) 0.13548
16.34) 0.13568
16.35) 0.13585
16.36) 0.13599
16.37) 0.1361
16.38) 0.13619
16.39) 0.13625
16.4) 0.13629
16.41) 0.13629
16.42) 0.13627
16.43) 0.13622
16.44) 0.13615
16.45) 0.13604
16.46) 0.13591
16.47) 0.13575
16.48) 0.13557
16.49) 0.13535
16.5) 0.13511
16.51) 0.13484
16.52) 0.13509
16.53) 0.13531
16.54) 0.1355
16.55) 0.13566
16.56) 0.1358
16.57) 0.13591
16.58) 0.136
16.59) 0.13606
16.6) 0.13609
16.61) 0.13609
16.62) 0.13606
16.63) 0.13601
16.64) 0.13593
16.65) 0.13583
16.66) 0.13569
16.67) 0.13553
16.68) 0.13534
16.69) 0.13512
16.7) 0.13488
16.71) 0.1346
16.72) 0.13489
16.73) 0.13515
16.74) 0.13538
16.75) 0.13559
16.76) 0.13577
16.77) 0.13593
16.78) 0.13606
16.79) 0.13616
16.8) 0.13625
16.81) 0.1363
16.82) 0.13633
16.83) 0.13634
16.84) 0.13632
16.85) 0.13628
16.86) 0.13621
16.87) 0.13611
16.88) 0.136
16.89) 0.13586
16.9) 0.13569
16.91) 0.1355
16.92) 0.13529
16.93) 0.13506
16.94) 0.1348
16.95) 0.13452
16.96) 0.13422
16.97) 0.13389
16.98) 0.13421
16.99) 0.13451
17.0) 0.1348
17.01) 0.13507
17.02) 0.13532
17.03) 0.13556
17.04) 0.13578
17.05) 0.13599
17.06) 0.13619
17.07) 0.13637
17.08) 0.13654
17.09) 0.13671
17.1) 0.13686
17.11) 0.137
17.12) 0.13714
17.13) 0.13727
17.14) 0.13739
17.15) 0.13751
17.16) 0.13762
17.17) 0.13773
17.18) 0.13785
17.19) 0.13796
17.2) 0.13807
17.21) 0.13819
17.22) 0.13832
17.23) 0.13845
17.24) 0.13859
17.25) 0.13873
17.26) 0.1389
17.27) 0.13907
17.28) 0.13926
17.29) 0.13948
17.3) 0.13971
17.31) 0.13996
17.32) 0.14024
17.33) 0.14055
17.34) 0.14088
17.35) 0.14125
17.36) 0.14166
17.37) 0.14129
17.38) 0.14095
17.39) 0.14065
17.42) 0.1404
17.41) 0.1402
17.42) 0.14004
17.43) 0.13994
17.44) 0.13989
17.45) 0.1399
17.46) 0.13998
17.47) 0.14012
17.48) 0.14034
17.49) 0.14062
17.5) 0.14099
17.51) 0.14057
17.52) 0.14024
17.53) 0.14
17.54) 0.13985
17.55) 0.13979
17.56) 0.13983
17.57) 0.13998
17.58) 0.14023
17.59) 0.14059
17.6) 0.14019
17.61) 0.13992
17.62) 0.13976
17.63) 0.13973
17.64) 0.13984
17.65) 0.14008
17.66) 0.14045
17.67) 0.1401
17.68) 0.13988
17.69) 0.13983
17.7) 0.13992
17.71) 0.14018
17.72) 0.14061
17.73) 0.14032
17.74) 0.1402
17.75) 0.14026
17.76) 0.1405
17.77) 0.14092
17.78) 0.14066
17.79) 0.14058
17.8) 0.14071
17.81) 0.14103
17.82) 0.14068
17.83) 0.14054
17.84) 0.14061
17.85) 0.14089
17.86) 0.14052
17.87) 0.14038
17.88) 0.14045
17.89) 0.14074
17.92) 0.14041
17.91) 0.14031
17.92) 0.14043
17.93) 0.14078
17.94) 0.14054
17.95) 0.14052
17.96) 0.14074
17.97) 0.14038
17.98) 0.14025
17.99) 0.14036
18.0) 0.14069
18.01) 0.14047
18.02) 0.14048
18.03) 0.14072
18.04) 0.14043
18.05) 0.14036
18.06) 0.14051
18.07) 0.14016
18.08) 0.14003
18.09) 0.14011
18.1) 0.14039
18.11) 0.14019
18.12) 0.1402
18.13) 0.1404
18.14) 0.14014
18.15) 0.14008
18.16) 0.14019
18.17) 0.14048
18.18) 0.14034
18.19) 0.14036
18.2) 0.14055
18.21) 0.14032
18.22) 0.14025
18.23) 0.14033
18.24) 0.14053
18.25) 0.14036
18.26) 0.14032
18.27) 0.14039
18.28) 0.14057
18.29) 0.14041
18.3) 0.14035
18.31) 0.14039
18.32) 0.14051
18.33) 0.14032
18.34) 0.14021
18.35) 0.14018
18.36) 0.1402
18.37) 0.14028
18.38) 0.1404
18.39) 0.14028
18.42) 0.14021
18.41) 0.14018
18.42) 0.14018
18.43) 0.1402
18.44) 0.14024
18.45) 0.14029
18.46) 0.14035
18.47) 0.14041
18.48) 0.14036
18.49) 0.14033
18.5) 0.1403
18.51) 0.14029
18.52) 0.14028
18.53) 0.14027
18.54) 0.14027
18.55) 0.14028
18.56) 0.14029
18.57) 0.14031
18.58) 0.14034
18.59) 0.14037
18.6) 0.14043
18.61) 0.14037
18.62) 0.14031
18.63) 0.14026
18.64) 0.14022
18.65) 0.14021
18.66) 0.14022
18.67) 0.14026
18.68) 0.14034
18.69) 0.14047
18.7) 0.14036
18.71) 0.1403
18.72) 0.14029
18.73) 0.14034
18.74) 0.14047
18.75) 0.1403
18.76) 0.14021
18.77) 0.1402
18.78) 0.14028
18.79) 0.14047
18.8) 0.14032
18.81) 0.14028
18.82) 0.14035
18.83) 0.14056
18.84) 0.14039
18.85) 0.14035
18.86) 0.14047
18.87) 0.14073
18.88) 0.14059
18.89) 0.14061
18.92) 0.1408
18.91) 0.14056
18.92) 0.14049
18.93) 0.14061
18.94) 0.14093
18.95) 0.14078
18.96) 0.14083
18.97) 0.14109
18.98) 0.14086
18.99) 0.14084
19.0) 0.14104
19.01) 0.14073
19.02) 0.14064
19.03) 0.14077
19.04) 0.14113
19.05) 0.14096
19.06) 0.14101
19.07) 0.1413
19.08) 0.14103
19.09) 0.141
19.1) 0.14119
19.11) 0.14082
19.12) 0.14067
19.13) 0.14076
19.14) 0.14107
19.15) 0.14079
19.16) 0.14073
19.17) 0.1409
19.18) 0.1413
19.19) 0.14107
19.2) 0.14107
19.21) 0.14128
19.22) 0.14085
19.23) 0.14064
19.24) 0.14064
19.25) 0.14084
19.26) 0.14125
19.27) 0.14099
19.28) 0.14093
19.29) 0.14106
19.3) 0.14138
19.31) 0.14101
19.32) 0.14083
19.33) 0.14083
19.34) 0.141
19.35) 0.14134
19.36) 0.14097
19.37) 0.14076
19.38) 0.14071
19.39) 0.14082
19.42) 0.14108
19.41) 0.14148
19.42) 0.14115
19.43) 0.14095
19.44) 0.14089
19.45) 0.14096
19.46) 0.14116
19.47) 0.14148
19.48) 0.14191
19.49) 0.14158
19.5) 0.14137
19.51) 0.14126
19.52) 0.14125
19.53) 0.14134
19.54) 0.14152
19.55) 0.1418
19.56) 0.14216
19.57) 0.14174
19.58) 0.1414
19.59) 0.14114
19.6) 0.14095
19.61) 0.14083
19.62) 0.14078
19.63) 0.14079
19.64) 0.14086
19.65) 0.14098
19.66) 0.14115
19.67) 0.14138
19.68) 0.14164
19.69) 0.14195
19.7) 0.14231
19.71) 0.14269
19.72) 0.1423
19.73) 0.14194
19.74) 0.14161
19.75) 0.14132
19.76) 0.14105
19.77) 0.1408
19.78) 0.14058
19.79) 0.14037
19.8) 0.14019
19.81) 0.14002
19.82) 0.13986
19.83) 0.13971
19.84) 0.13958
19.85) 0.13945
19.86) 0.13933
19.87) 0.13921
19.88) 0.1391
19.89) 0.13899
19.92) 0.13887
19.91) 0.13876
19.92) 0.13864
19.93) 0.13852
19.94) 0.1384
19.95) 0.13827
19.96) 0.13813
19.97) 0.13798
19.98) 0.13782
19.99) 0.13766
