0.0) 1.5
0.01) 1.49991
0.02) 1.49963
0.03) 1.49916
0.04) 1.4985
0.05) 1.49765
0.06) 1.49661
0.07) 1.49538
0.08) 1.49397
0.09) 1.49238
0.1) 1.49061
0.11) 1.48866
0.12) 1.48653
0.13) 1.48422
0.14) 1.48173
0.15) 1.47906
0.16) 1.47621
0.17) 1.47319
0.18) 1.47
0.19) 1.46664
0.2) 1.46311
0.21) 1.45941
0.22) 1.45555
0.23) 1.45153
0.24) 1.44735
0.25) 1.44301
0.26) 1.43851
0.27) 1.43386
0.28) 1.42906
0.29) 1.42411
0.3) 1.41901
0.31) 1.41377
0.32) 1.40839
0.33) 1.40287
0.34) 1.39721
0.3503) 1.39142
0.36) 1.3855
0.37) 1.37945
0.38) 1.37328
0.39) 1.36699
0.4) 1.36058
0.4103) 1.35405
0.42) 1.34741
0.43) 1.34066
0.44) 1.3338
0.45) 1.32684
0.46) 1.31978
0.4703) 1.31262
0.48) 1.30537
0.49) 1.29803
0.5) 1.2906
0.51) 1.28308
0.52) 1.27548
0.53) 1.2678
0.54) 1.26004
0.55) 1.25221
0.56) 1.24431
0.571) 1.23634
0.58) 1.2283
0.59) 1.2202
0.6) 1.21204
0.61) 1.20382
0.62) 1.19555
0.63) 1.18723
0.64) 1.17886
0.65) 1.17044
0.66) 1.16198
0.67) 1.15348
0.68) 1.14494
0.691) 1.13636
0.701) 1.12775
0.71) 1.11911
0.72) 1.11044
0.73) 1.10174
0.74) 1.09302
0.75) 1.08428
0.76) 1.07552
0.77) 1.06674
0.78) 1.05795
0.79) 1.04915
0.8) 1.04034
0.81) 1.03152
0.821) 1.02269
0.831) 1.01386
0.84) 1.00503
0.85) 0.9962
0.86) 0.98737
0.87) 0.97854
0.88) 0.96971
0.89) 0.96089
0.9) 0.95208
0.91) 0.94328
0.92) 0.93449
0.93) 0.92571
0.941) 0.91694
0.951) 0.90818
0.96) 0.89944
0.97) 0.89072
0.98) 0.88202
0.99) 0.87334
1.0) 0.86468
1.01) 0.85604
1.02) 0.84742
1.03) 0.83882
1.04) 0.83024
1.05) 0.82169
1.06) 0.81317
1.07) 0.80468
1.08) 0.79622
1.09) 0.78779
1.1) 0.77939
1.11) 0.77102
1.12) 0.76268
1.131) 0.75437
1.141) 0.74609
1.151) 0.73784
1.16) 0.72962
1.17) 0.72143
1.18) 0.71327
1.19) 0.70515
1.2) 0.69707
1.21) 0.68903
1.22) 0.68103
1.23) 0.67307
1.24) 0.66515
1.25) 0.65727
1.26) 0.64943
1.27) 0.64163
1.28) 0.63387
1.29) 0.62615
1.3) 0.61847
1.31) 0.61083
1.32) 0.60323
1.33) 0.59567
1.34) 0.58815
1.35) 0.58067
1.36) 0.57323
1.37) 0.56583
1.381) 0.55847
1.391) 0.55115
1.401) 0.54387
1.41) 0.53663
1.42) 0.52943
1.43) 0.52227
1.44) 0.51515
1.45) 0.50807
1.46) 0.50103
1.47) 0.49403
1.48) 0.48707
1.49) 0.48015
1.5) 0.47327
1.51) 0.46643
1.52) 0.45963
1.53) 0.45287
1.54) 0.44615
1.55) 0.43947
1.56) 0.43283
1.57) 0.42623
1.58) 0.41966
1.59) 0.41312
1.6) 0.40661
1.61) 0.40013
1.62) 0.39368
1.631) 0.38726
1.641) 0.38087
1.651) 0.37451
1.661) 0.36818
1.67) 0.36188
1.68) 0.35561
1.69) 0.34937
1.7) 0.34316
1.71) 0.33698
1.72) 0.33083
1.73) 0.32471
1.74) 0.31862
1.75) 0.31256
1.76) 0.30653
1.77) 0.30053
1.78) 0.29456
1.79) 0.28862
1.8) 0.28271
1.81) 0.27683
1.82) 0.27098
1.83) 0.26516
1.84) 0.25936
1.85) 0.25358
1.86) 0.24782
1.87) 0.24208
1.881) 0.23636
1.891) 0.23066
1.901) 0.22498
1.911) 0.21932
1.92) 0.21368
1.93) 0.20806
1.94) 0.20246
1.95) 0.19688
1.96) 0.19132
1.97) 0.18578
1.98) 0.18026
1.99) 0.17476
2.0) 0.16928
2.012) 0.16382
2.02) 0.15838
2.032) 0.15296
2.04) 0.14755
2.05) 0.14215
2.06) 0.13676
2.07) 0.13138
2.08) 0.12601
2.09) 0.12065
2.1) 0.1153
2.11) 0.10996
2.12) 0.10463
2.13) 0.09931
2.14) 0.094
2.15) 0.0887
2.16) 0.08341
2.17) 0.07813
2.18) 0.07286
2.19) 0.0676
2.2) 0.06235
2.21) 0.05711
2.22) 0.05188
2.23) 0.04666
2.24) 0.04144
2.25) 0.03622
2.262) 0.031
2.27) 0.02578
2.282) 0.02056
2.29) 0.01534
2.303) 0.01012
2.31) 0.0049
2.32) -3.2E-4
2.33) -0.00554
2.34) -0.01076
2.35) -0.01598
2.36) -0.0212
2.37) -0.02642
2.38) -0.03164
2.39) -0.03686
2.4) -0.04208
2.41) -0.0473
2.42) -0.05252
2.43) -0.05775
2.44) -0.06299
2.45) -0.06824
2.46) -0.0735
2.47) -0.07877
2.48) -0.08405
2.49) -0.08934
2.5) -0.09464
2.512) -0.09995
2.52) -0.10527
2.532) -0.1106
2.54) -0.11594
2.553) -0.12129
2.56) -0.12665
2.57) -0.13202
2.58) -0.1374
2.59) -0.14279
2.6) -0.14819
2.61) -0.1536
2.62) -0.15902
2.63) -0.16446
2.64) -0.16992
2.65) -0.1754
2.66) -0.1809
2.67) -0.18642
2.68) -0.19196
2.69) -0.19752
2.7) -0.2031
2.71) -0.2087
2.72) -0.21432
2.73) -0.21996
2.74) -0.22562
2.75) -0.2313
2.762) -0.237
2.77) -0.24272
2.782) -0.24846
2.79) -0.25422
2.803) -0.26
2.81) -0.2658
2.82) -0.27162
2.83) -0.27747
2.84) -0.28335
2.85) -0.28926
2.86) -0.2952
2.87) -0.30117
2.88) -0.30717
2.89) -0.3132
2.9) -0.31926
2.91) -0.32535
2.92) -0.33147
2.93) -0.33762
2.94) -0.3438
2.95) -0.35001
2.96) -0.35625
2.97) -0.36252
2.98) -0.36882
2.99) -0.37515
3.0) -0.38151
3.012) -0.3879
3.02) -0.39432
3.032) -0.40077
3.04) -0.40725
3.053) -0.41376
3.06) -0.4203
3.073) -0.42687
3.08) -0.43347
3.09) -0.44011
3.1) -0.44679
3.11) -0.45351
3.12) -0.46027
3.13) -0.46707
3.14) -0.47391
3.15) -0.48079
3.16) -0.48771
3.17) -0.49467
3.18) -0.50167
3.19) -0.50871
3.2) -0.51579
3.21) -0.52291
3.22) -0.53007
3.23) -0.53727
3.24) -0.54451
3.25) -0.55179
3.262) -0.55911
3.27) -0.56647
3.282) -0.57387
3.29) -0.58131
3.303) -0.58879
3.31) -0.59631
3.323) -0.60387
3.33) -0.61147
3.34) -0.61911
3.35) -0.62679
3.36) -0.63451
3.37) -0.64227
3.38) -0.65007
3.39) -0.65791
3.4) -0.66579
3.41) -0.67371
3.42) -0.68167
3.43) -0.68967
3.44) -0.69771
3.45) -0.70579
3.46) -0.71391
3.47) -0.72207
3.48) -0.73026
3.49) -0.73848
3.5) -0.74673
3.512) -0.75501
3.52) -0.76332
3.532) -0.77166
3.54) -0.78003
3.553) -0.78843
3.56) -0.79686
3.573) -0.80532
3.58) -0.81381
3.59) -0.82233
3.6) -0.83088
3.61) -0.83946
3.62) -0.84806
3.63) -0.85668
3.64) -0.86532
3.65) -0.87398
3.66) -0.88266
3.67) -0.89136
3.68) -0.90008
3.69) -0.90882
3.7) -0.91758
3.71) -0.92635
3.72) -0.93513
3.73) -0.94392
3.74) -0.95272
3.75) -0.96153
3.762) -0.97035
3.77) -0.97918
3.782) -0.98801
3.79) -0.99684
3.803) -1.00567
3.81) -1.0145
3.823) -1.02333
3.83) -1.03216
3.84) -1.04098
3.85) -1.04979
3.86) -1.05859
3.87) -1.06738
3.88) -1.07616
3.89) -1.08492
3.9) -1.09366
3.91) -1.10238
3.92) -1.11108
3.93) -1.11975
3.94) -1.12839
3.95) -1.137
3.96) -1.14558
3.97) -1.15412
3.98) -1.16262
3.99) -1.17108
4.0) -1.1795
4.01) -1.18787
4.025) -1.19619
4.03) -1.20446
4.04) -1.21268
4.05) -1.22084
4.065) -1.22894
4.07) -1.23698
4.08) -1.24495
4.09) -1.25285
4.1) -1.26068
4.11) -1.26844
4.12) -1.27612
4.13) -1.28372
4.14) -1.29124
4.15) -1.29867
4.16) -1.30601
4.17) -1.31326
4.18) -1.32041
4.19) -1.32746
4.2) -1.33441
4.21) -1.34126
4.22) -1.348
4.23) -1.35463
4.24) -1.36115
4.25) -1.36755
4.26) -1.37383
4.275) -1.37999
4.28) -1.38603
4.29) -1.39194
4.3) -1.39772
4.315) -1.40337
4.32) -1.40888
4.33) -1.41425
4.34) -1.41948
4.355) -1.42457
4.36) -1.42951
4.37) -1.4343
4.38) -1.43894
4.39) -1.44343
4.4) -1.44776
4.41) -1.45193
4.42) -1.45594
4.43) -1.45979
4.44) -1.46347
4.45) -1.46698
4.46) -1.47032
4.47) -1.47349
4.48) -1.47649
4.49) -1.47932
4.5) -1.48197
4.51) -1.48444
4.525) -1.48673
4.53) -1.48884
4.54) -1.49077
4.55) -1.49252
4.565) -1.49409
4.57) -1.49548
4.58) -1.49669
4.59) -1.49771
4.605) -1.49854
4.61) -1.49918
4.62) -1.49963
4.63) -1.49989
4.64) -1.49996
4.65) -1.49984
4.66) -1.49953
4.67) -1.49903
4.68) -1.49834
4.69) -1.49746
4.7) -1.49639
4.71) -1.49513
4.72) -1.49369
4.73) -1.49207
4.74) -1.49027
4.75) -1.48829
4.76) -1.48613
4.775) -1.48379
4.78) -1.48127
4.79) -1.47857
4.8) -1.47569
4.815) -1.47264
4.82) -1.46942
4.83) -1.46603
4.84) -1.46247
4.855) -1.45874
4.86) -1.45485
4.87) -1.4508
4.88) -1.44659
4.89) -1.44222
4.9) -1.43769
4.91) -1.43301
4.92) -1.42818
4.93) -1.4232
4.94) -1.41807
4.95) -1.4128
4.96) -1.40739
4.97) -1.40184
4.98) -1.39615
4.99) -1.39033
5.0) -1.38438
5.01) -1.3783
5.025) -1.3721
5.03) -1.36578
5.04) -1.35934
5.05) -1.35278
5.065) -1.34611
5.07) -1.33933
5.08) -1.33244
5.09) -1.32545
5.105) -1.31836
5.11) -1.31117
5.12) -1.30389
5.13) -1.29652
5.14) -1.28906
5.15) -1.28151
5.16) -1.27388
5.17) -1.26617
5.18) -1.25838
5.19) -1.25052
5.2) -1.24259
5.21) -1.23459
5.22) -1.22653
5.23) -1.21841
5.24) -1.21023
5.25) -1.20199
5.26) -1.1937
5.275) -1.18536
5.28) -1.17697
5.29) -1.16853
5.3) -1.16005
5.315) -1.15153
5.32) -1.14297
5.33) -1.13437
5.34) -1.12574
5.355) -1.11708
5.36) -1.10839
5.37) -1.09967
5.38) -1.09093
5.39) -1.08217
5.4) -1.07339
5.41) -1.06459
5.42) -1.05578
5.43) -1.04696
5.44) -1.03813
5.45) -1.02929
5.46) -1.02044
5.47) -1.01159
5.48) -1.00274
5.49) -0.99389
5.5) -0.98504
5.51) -0.97619
5.525) -0.96734
5.53) -0.9585
5.54) -0.94967
5.55) -0.94085
5.565) -0.93204
5.57) -0.92324
5.58) -0.91445
5.59) -0.90567
5.605) -0.89691
5.61) -0.88817
5.62) -0.87945
5.63) -0.87075
5.64) -0.86207
5.65) -0.85341
5.66) -0.84477
5.67) -0.83615
5.68) -0.82756
5.69) -0.819
5.7) -0.81047
5.71) -0.80197
5.72) -0.7935
5.73) -0.78506
5.74) -0.77665
5.75) -0.76827
5.76) -0.75992
5.775) -0.7516
5.78) -0.74331
5.79) -0.73505
5.8) -0.72682
5.815) -0.71862
5.82) -0.71045
5.83) -0.70232
5.84) -0.69423
5.855) -0.68618
5.86) -0.67817
5.87) -0.6702
5.88) -0.66227
5.89) -0.65438
5.9) -0.64653
5.91) -0.63872
5.92) -0.63095
5.93) -0.62322
5.94) -0.61553
5.95) -0.60788
5.96) -0.60027
5.97) -0.5927
5.98) -0.58517
5.99) -0.57768
6.0) -0.57023
6.01) -0.56282
6.025) -0.55545
6.03) -0.54812
6.04) -0.54083
6.05) -0.53358
6.065) -0.52637
6.07) -0.5192
6.08) -0.51207
6.09) -0.50498
6.105) -0.49793
6.11) -0.49092
6.12) -0.48395
6.13) -0.47702
6.14) -0.47013
6.15) -0.46328
6.16) -0.45647
6.17) -0.4497
6.18) -0.44297
6.19) -0.43628
6.2) -0.42963
6.21) -0.42302
6.22) -0.41644
6.23) -0.40989
6.24) -0.40337
6.25) -0.39688
6.26) -0.39042
6.275) -0.38399
6.28) -0.37759
6.29) -0.37122
6.3) -0.36488
6.315) -0.35857
6.32) -0.35229
6.33) -0.34604
6.34) -0.33982
6.355) -0.33363
6.36) -0.32747
6.37) -0.32134
6.38) -0.31524
6.39) -0.30917
6.4) -0.30313
6.41) -0.29712
6.42) -0.29114
6.43) -0.28519
6.44) -0.27927
6.45) -0.27338
6.46) -0.26752
6.47) -0.26168
6.48) -0.25586
6.49) -0.25006
6.5) -0.24428
6.51) -0.23852
6.525) -0.23278
6.53) -0.22706
6.54) -0.22136
6.55) -0.21568
6.565) -0.21002
6.57) -0.20438
6.58) -0.19876
6.59) -0.19316
6.605) -0.18758
6.61) -0.18202
6.62) -0.17648
6.63) -0.17096
6.64) -0.16546
6.65) -0.15998
6.66) -0.15452
6.67) -0.14908
6.68) -0.14365
6.69) -0.13823
6.7) -0.13282
6.71) -0.12742
6.72) -0.12203
6.73) -0.11665
6.74) -0.11128
6.75) -0.10592
6.76) -0.10057
6.775) -0.09523
6.78) -0.0899
6.79) -0.08458
6.8) -0.07927
6.815) -0.07397
6.82) -0.06868
6.83) -0.0634
6.84) -0.05813
6.855) -0.05287
6.86) -0.04762
6.87) -0.04237
6.88) -0.03712
6.89) -0.03187
6.9) -0.02662
6.91) -0.02137
6.92) -0.01612
6.93) -0.01087
6.94) -0.00562
6.95) -3.7E-4
6.96) 0.00488
6.97) 0.01013
6.98) 0.01538
6.99) 0.02063
7.0) 0.02588
7.01) 0.03113
7.025) 0.03638
7.03) 0.04163
7.04) 0.04688
7.05) 0.05213
7.065) 0.05739
7.07) 0.06266
7.08) 0.06794
7.09) 0.07323
7.105) 0.07853
7.11) 0.08384
7.12) 0.08916
7.13) 0.09449
7.14) 0.09983
7.15) 0.10518
7.16) 0.11054
7.17) 0.11591
7.18) 0.12129
7.19) 0.12668
7.2) 0.13208
7.21) 0.13749
7.22) 0.14291
7.23) 0.14834
7.24) 0.15378
7.25) 0.15924
7.26) 0.16472
7.275) 0.17022
7.28) 0.17574
7.29) 0.18128
7.3) 0.18684
7.315) 0.19242
7.32) 0.19802
7.33) 0.20364
7.34) 0.20928
7.355) 0.21494
7.36) 0.22062
7.37) 0.22632
7.38) 0.23204
7.39) 0.23778
7.4) 0.24354
7.41) 0.24932
7.42) 0.25512
7.43) 0.26094
7.44) 0.26678
7.45) 0.27264
7.46) 0.27853
7.47) 0.28445
7.48) 0.2904
7.49) 0.29638
7.5) 0.30239
7.51) 0.30843
7.525) 0.3145
7.53) 0.3206
7.54) 0.32673
7.55) 0.33289
7.565) 0.33908
7.57) 0.3453
7.58) 0.35155
7.59) 0.35783
7.605) 0.36414
7.61) 0.37048
7.62) 0.37685
7.63) 0.38325
7.64) 0.38968
7.65) 0.39614
7.66) 0.40263
7.67) 0.40915
7.68) 0.4157
7.69) 0.42228
7.7) 0.42889
7.71) 0.43553
7.72) 0.44221
7.73) 0.44893
7.74) 0.45569
7.75) 0.46249
7.76) 0.46933
7.775) 0.47621
7.78) 0.48313
7.79) 0.49009
7.8) 0.49709
7.815) 0.50413
7.82) 0.51121
7.83) 0.51833
7.84) 0.52549
7.855) 0.53269
7.86) 0.53993
7.87) 0.54721
7.88) 0.55453
7.89) 0.56189
7.9) 0.56929
7.91) 0.57673
7.92) 0.58421
7.93) 0.59173
7.94) 0.59929
7.95) 0.60689
7.96) 0.61453
7.97) 0.62221
7.98) 0.62993
7.99) 0.63769
8.0) 0.64549
8.01) 0.65333
8.02) 0.66121
8.03) 0.66913
8.04) 0.67709
8.05) 0.68509
8.06) 0.69313
8.07) 0.70121
8.08) 0.70933
8.09) 0.71749
8.1) 0.72568
8.11) 0.7339
8.12) 0.74215
8.13) 0.75043
8.14) 0.75874
8.15) 0.76708
8.16) 0.77545
8.17) 0.78385
8.18) 0.79228
8.19) 0.80074
8.2) 0.80923
8.21) 0.81775
8.22) 0.8263
8.23) 0.83488
8.24) 0.84349
8.25) 0.85212
8.26) 0.86077
8.27) 0.86944
8.28) 0.87813
8.29) 0.88684
8.3) 0.89557
8.31) 0.90432
8.32) 0.91309
8.33) 0.92188
8.34) 0.93068
8.35) 0.93949
8.36) 0.94831
8.37) 0.95714
8.38) 0.96598
8.39) 0.97483
8.4) 0.98368
8.41) 0.99253
8.42) 1.00138
8.43) 1.01023
8.44) 1.01908
8.45) 1.02793
8.46) 1.03677
8.47) 1.0456
8.48) 1.05442
8.49) 1.06323
8.5) 1.07203
8.51) 1.08081
8.52) 1.08957
8.53) 1.09831
8.54) 1.10703
8.55) 1.11573
8.56) 1.1244
8.57) 1.13304
8.58) 1.14165
8.59) 1.15023
8.6) 1.15877
8.61) 1.16727
8.62) 1.17573
8.63) 1.18415
8.64) 1.19252
8.65) 1.20084
8.66) 1.20911
8.67) 1.21732
8.68) 1.22547
8.69) 1.23356
8.71) 1.24159
8.71) 1.24955
8.72) 1.25744
8.73) 1.26526
8.74) 1.273
8.75) 1.28066
8.76) 1.28824
8.77) 1.29574
8.78) 1.30315
8.79) 1.31047
8.8) 1.3177
8.81) 1.32483
8.82) 1.33186
8.83) 1.33879
8.84) 1.34561
8.85) 1.35232
8.86) 1.35892
8.87) 1.3654
8.88) 1.37176
8.89) 1.378
8.9) 1.38412
8.91) 1.39011
8.92) 1.39597
8.93) 1.4017
8.94) 1.40729
8.95) 1.41274
8.96) 1.41805
8.97) 1.42322
8.98) 1.42824
8.99) 1.43311
9.0) 1.43783
9.01) 1.4424
9.02) 1.44681
9.03) 1.45106
9.04) 1.45515
9.05) 1.45908
9.06) 1.46285
9.07) 1.46645
9.08) 1.46988
9.09) 1.47314
9.1) 1.47623
9.11) 1.47915
9.12) 1.48189
9.13) 1.48445
9.14) 1.48683
9.15) 1.48903
9.16) 1.49105
9.17) 1.49289
9.18) 1.49455
9.19) 1.49603
9.21) 1.49732
9.21) 1.49842
9.22) 1.49933
9.23) 1.50005
9.24) 1.50058
9.25) 1.50092
9.26) 1.50107
9.27) 1.50103
9.28) 1.5008
9.29) 1.50038
9.3) 1.49977
9.31) 1.49897
9.32) 1.49798
9.33) 1.4968
9.34) 1.49543
9.35) 1.49388
9.36) 1.49215
9.37) 1.49024
9.38) 1.48815
9.39) 1.48588
9.4) 1.48343
9.41) 1.4808
9.42) 1.47799
9.43) 1.475
9.44) 1.47184
9.45) 1.46851
9.46) 1.46501
9.47) 1.46134
9.48) 1.4575
9.49) 1.4535
9.5) 1.44934
9.51) 1.44502
9.52) 1.44054
9.53) 1.43591
9.54) 1.43113
9.55) 1.4262
9.56) 1.42112
9.57) 1.4159
9.58) 1.41054
9.59) 1.40504
9.6) 1.3994
9.61) 1.39363
9.62) 1.38773
9.63) 1.3817
9.64) 1.37554
9.65) 1.36926
9.66) 1.36286
9.67) 1.35634
9.68) 1.34971
9.69) 1.34297
9.71) 1.33612
9.71) 1.32917
9.72) 1.32212
9.73) 1.31497
9.74) 1.30772
9.75) 1.30038
9.76) 1.29295
9.77) 1.28543
9.78) 1.27783
9.79) 1.27015
9.8) 1.26239
9.81) 1.25456
9.82) 1.24666
9.83) 1.23869
9.84) 1.23065
9.85) 1.22255
9.86) 1.21439
9.87) 1.20617
9.88) 1.1979
9.89) 1.18958
9.9) 1.18121
9.91) 1.17279
9.92) 1.16433
9.93) 1.15583
9.94) 1.14729
9.95) 1.13871
9.96) 1.1301
9.97) 1.12146
9.98) 1.11279
9.99) 1.10409
10.0) 1.09537
10.01) 1.08663
10.02) 1.07787
10.03) 1.06909
10.04) 1.06029
10.05) 1.05148
10.06) 1.04266
10.07) 1.03383
10.08) 1.02499
10.09) 1.01614
10.1) 1.00729
10.11) 0.99844
10.12) 0.98959
10.13) 0.98074
10.14) 0.97189
10.15) 0.96305
10.16) 0.95422
10.17) 0.9454
10.18) 0.93659
10.19) 0.92779
10.21) 0.919
10.21) 0.91022
10.22) 0.90146
10.23) 0.89272
10.24) 0.884
10.25) 0.8753
10.26) 0.86662
10.27) 0.85796
10.28) 0.84932
10.29) 0.8407
10.3) 0.8321
10.31) 0.82353
10.32) 0.81499
10.33) 0.80648
10.34) 0.798
10.35) 0.78955
10.36) 0.78113
10.37) 0.77274
10.38) 0.76438
10.39) 0.75605
10.4) 0.74775
10.41) 0.73948
10.42) 0.73124
10.43) 0.72303
10.44) 0.71485
10.45) 0.7067
10.46) 0.69859
10.47) 0.69052
10.48) 0.68249
10.49) 0.6745
10.5) 0.66655
10.51) 0.65864
10.52) 0.65077
10.53) 0.64294
10.54) 0.63515
10.55) 0.6274
10.56) 0.61969
10.57) 0.61202
10.58) 0.60439
10.59) 0.5968
10.6) 0.58925
10.61) 0.58174
10.62) 0.57427
10.63) 0.56684
10.64) 0.55945
10.65) 0.5521
10.66) 0.54479
10.67) 0.53752
10.68) 0.53029
10.69) 0.5231
10.71) 0.51595
10.71) 0.50884
10.72) 0.50177
10.73) 0.49474
10.74) 0.48775
10.75) 0.4808
10.76) 0.47389
10.77) 0.46702
10.78) 0.46019
10.79) 0.4534
10.8) 0.44665
10.81) 0.43994
10.82) 0.43327
10.83) 0.42664
10.84) 0.42004
10.85) 0.41347
10.86) 0.40693
10.87) 0.40042
10.88) 0.39394
10.89) 0.38749
10.9) 0.38107
10.91) 0.37468
10.92) 0.36832
10.93) 0.36199
10.94) 0.35569
10.95) 0.34942
10.96) 0.34318
10.97) 0.33697
10.98) 0.33079
10.99) 0.32464
11.0) 0.31852
11.01) 0.31243
11.02) 0.30637
11.03) 0.30034
11.04) 0.29434
11.05) 0.28837
11.06) 0.28243
11.07) 0.27652
11.08) 0.27064
11.09) 0.26479
11.1) 0.25896
11.11) 0.25315
11.12) 0.24736
11.13) 0.24159
11.14) 0.23584
11.15) 0.23011
11.16) 0.2244
11.17) 0.21871
11.18) 0.21304
11.19) 0.20739
11.21) 0.20176
11.21) 0.19615
11.22) 0.19056
11.23) 0.18499
11.24) 0.17944
11.25) 0.17391
11.26) 0.1684
11.27) 0.16291
11.28) 0.15744
11.29) 0.15199
11.3) 0.14655
11.31) 0.14112
11.32) 0.1357
11.33) 0.13029
11.34) 0.12489
11.35) 0.1195
11.36) 0.11412
11.37) 0.10875
11.38) 0.10339
11.39) 0.09804
11.4) 0.0927
11.41) 0.08737
11.42) 0.08205
11.43) 0.07674
11.44) 0.07144
11.45) 0.06615
11.46) 0.06087
11.47) 0.0556
11.48) 0.05034
11.49) 0.04509
11.5) 0.03984
11.51) 0.03459
11.52) 0.02934
11.53) 0.02409
11.54) 0.01884
11.55) 0.01359
11.56) 0.00834
11.57) 0.00309
11.58) -0.00216
11.59) -0.00741
11.6) -0.01266
11.61) -0.01791
11.62) -0.02316
11.63) -0.02841
11.64) -0.03366
11.65) -0.03891
11.66) -0.04416
11.67) -0.04941
11.68) -0.05466
11.69) -0.05992
11.71) -0.06519
11.71) -0.07047
11.72) -0.07576
11.73) -0.08106
11.74) -0.08637
11.75) -0.09169
11.76) -0.09702
11.77) -0.10236
11.78) -0.10771
11.79) -0.11307
11.8) -0.11844
11.81) -0.12382
11.82) -0.12921
11.83) -0.13461
11.84) -0.14002
11.85) -0.14544
11.86) -0.15087
11.87) -0.15631
11.88) -0.16177
11.89) -0.16725
11.9) -0.17275
11.91) -0.17827
11.92) -0.18381
11.93) -0.18937
11.94) -0.19495
11.95) -0.20055
11.96) -0.20617
11.97) -0.21181
11.98) -0.21747
11.99) -0.22315
12.0) -0.22885
12.01) -0.23457
12.02) -0.24031
12.03) -0.24607
12.04) -0.25185
12.05) -0.25765
12.06) -0.26347
12.07) -0.26931
12.08) -0.27517
12.09) -0.28106
12.1) -0.28698
12.11) -0.29293
12.12) -0.29891
12.13) -0.30492
12.14) -0.31096
12.15) -0.31703
12.16) -0.32313
12.17) -0.32926
12.18) -0.33542
12.19) -0.34161
12.21) -0.34783
12.21) -0.35408
12.22) -0.36036
12.23) -0.36667
12.24) -0.37301
12.25) -0.37938
12.26) -0.38578
12.27) -0.39221
12.28) -0.39867
12.29) -0.40516
12.3) -0.41168
12.31) -0.41823
12.32) -0.42481
12.33) -0.43142
12.34) -0.43807
12.35) -0.44476
12.36) -0.45149
12.37) -0.45826
12.38) -0.46507
12.39) -0.47192
12.4) -0.47881
12.41) -0.48574
12.42) -0.49271
12.43) -0.49972
12.44) -0.50677
12.45) -0.51386
12.46) -0.52099
12.47) -0.52816
12.48) -0.53537
12.49) -0.54262
12.5) -0.54991
12.51) -0.55724
12.52) -0.56461
12.53) -0.57202
12.54) -0.57947
12.55) -0.58696
12.56) -0.59449
12.57) -0.60206
12.58) -0.60967
12.59) -0.61732
12.6) -0.62501
12.61) -0.63274
12.62) -0.64051
12.63) -0.64832
12.64) -0.65617
12.65) -0.66406
12.66) -0.67199
12.67) -0.67996
12.68) -0.68797
12.69) -0.69602
12.71) -0.70411
12.71) -0.71224
12.72) -0.72041
12.73) -0.72861
12.74) -0.73684
12.75) -0.7451
12.76) -0.75339
12.77) -0.76171
12.78) -0.77006
12.79) -0.77844
12.8) -0.78685
12.81) -0.79529
12.82) -0.80376
12.83) -0.81226
12.84) -0.82079
12.85) -0.82935
12.86) -0.83794
12.87) -0.84655
12.88) -0.85518
12.89) -0.86383
12.9) -0.8725
12.91) -0.88119
12.92) -0.8899
12.93) -0.89863
12.94) -0.90738
12.95) -0.91615
12.96) -0.92493
12.97) -0.93372
12.98) -0.94252
12.99) -0.95133
13.0) -0.96015
13.01) -0.96898
13.02) -0.97782
13.03) -0.98666
13.04) -0.9955
13.05) -1.00434
13.06) -1.01318
13.07) -1.02202
13.08) -1.03086
13.09) -1.03969
13.1) -1.04851
13.11) -1.05732
13.12) -1.06612
13.13) -1.07491
13.14) -1.08368
13.15) -1.09243
13.16) -1.10116
13.17) -1.10987
13.18) -1.11855
13.19) -1.1272
13.21) -1.13582
13.21) -1.14441
13.22) -1.15296
13.23) -1.16147
13.24) -1.16994
13.25) -1.17837
13.26) -1.18675
13.27) -1.19508
13.28) -1.20336
13.29) -1.21159
13.3) -1.21976
13.31) -1.22787
13.32) -1.23592
13.33) -1.2439
13.34) -1.25181
13.35) -1.25965
13.36) -1.26742
13.37) -1.27511
13.38) -1.28272
13.39) -1.29025
13.4) -1.29769
13.41) -1.30504
13.42) -1.3123
13.43) -1.31947
13.44) -1.32654
13.45) -1.33351
13.46) -1.34038
13.47) -1.34714
13.48) -1.35379
13.49) -1.36033
13.5) -1.36675
13.51) -1.37305
13.52) -1.37923
13.53) -1.38529
13.54) -1.39122
13.55) -1.39702
13.56) -1.40269
13.57) -1.40822
13.58) -1.41361
13.59) -1.41886
13.6) -1.42397
13.61) -1.42893
13.62) -1.43374
13.63) -1.4384
13.64) -1.44291
13.65) -1.44726
13.66) -1.45145
13.67) -1.45548
13.68) -1.45935
13.69) -1.46306
13.71) -1.4666
13.71) -1.46997
13.72) -1.47317
13.73) -1.4762
13.74) -1.47906
13.75) -1.48174
13.76) -1.48424
13.77) -1.48656
13.78) -1.4887
13.79) -1.49066
13.8) -1.49244
13.81) -1.49404
13.82) -1.49546
13.83) -1.4967
13.84) -1.49775
13.85) -1.49861
13.86) -1.49928
13.87) -1.49976
13.88) -1.50005
13.89) -1.50015
13.9) -1.50006
13.91) -1.49978
13.92) -1.49931
13.93) -1.49865
13.94) -1.4978
13.95) -1.49676
13.96) -1.49553
13.97) -1.49412
13.98) -1.49253
13.99) -1.49076
14.0) -1.48881
14.01) -1.48668
14.02) -1.48437
14.03) -1.48188
14.04) -1.47921
14.05) -1.47636
14.06) -1.47334
14.07) -1.47015
14.08) -1.46679
14.09) -1.46326
14.1) -1.45956
14.11) -1.4557
14.12) -1.45168
14.13) -1.4475
14.14) -1.44316
14.15) -1.43866
14.16) -1.43401
14.17) -1.42921
14.18) -1.42426
14.19) -1.41916
14.21) -1.41392
14.21) -1.40854
14.22) -1.40302
14.23) -1.39736
14.24) -1.39157
14.25) -1.38565
14.26) -1.3796
14.27) -1.37343
14.28) -1.36714
14.29) -1.36073
14.3) -1.3542
14.31) -1.34756
14.32) -1.34081
14.33) -1.33395
14.34) -1.32699
14.35) -1.31993
14.36) -1.31277
14.37) -1.30552
14.38) -1.29818
14.39) -1.29075
14.4) -1.28323
14.41) -1.27563
14.42) -1.26795
14.43) -1.26019
14.44) -1.25236
14.45) -1.24446
14.46) -1.23649
14.47) -1.22845
14.48) -1.22035
14.49) -1.21219
14.5) -1.20397
14.51) -1.1957
14.52) -1.18738
14.53) -1.17901
14.54) -1.17059
14.55) -1.16213
14.56) -1.15363
14.57) -1.14509
14.58) -1.13651
14.59) -1.1279
14.6) -1.11926
14.61) -1.11059
14.62) -1.10189
14.63) -1.09317
14.64) -1.08443
14.65) -1.07567
14.66) -1.06689
14.67) -1.0581
14.68) -1.0493
14.69) -1.04049
14.71) -1.03167
14.71) -1.02284
14.72) -1.01401
14.73) -1.00518
14.74) -0.99635
14.75) -0.98752
14.76) -0.97869
14.77) -0.96986
14.78) -0.96104
14.79) -0.95223
14.8) -0.94343
14.81) -0.93464
14.82) -0.92586
14.83) -0.91709
14.84) -0.90833
14.85) -0.89959
14.86) -0.89087
14.87) -0.88217
14.88) -0.87349
14.89) -0.86483
14.9) -0.85619
14.91) -0.84757
14.92) -0.83897
14.93) -0.83039
14.94) -0.82184
14.95) -0.81332
14.96) -0.80483
14.97) -0.79637
14.98) -0.78794
14.99) -0.77954
15.0) -0.77117
15.01) -0.76283
15.02) -0.75452
15.03) -0.74624
15.04) -0.73799
15.05) -0.72977
15.06) -0.72158
15.07) -0.71342
15.08) -0.7053
15.09) -0.69722
15.1) -0.68918
15.11) -0.68118
15.12) -0.67322
15.13) -0.6653
15.14) -0.65742
15.15) -0.64958
15.16) -0.64178
15.17) -0.63402
15.18) -0.6263
15.19) -0.61862
15.21) -0.61098
15.21) -0.60338
15.22) -0.59582
15.23) -0.5883
15.24) -0.58082
15.25) -0.57338
15.26) -0.56598
15.27) -0.55862
15.28) -0.5513
15.29) -0.54402
15.3) -0.53678
15.31) -0.52958
15.32) -0.52242
15.33) -0.5153
15.34) -0.50822
15.35) -0.50118
15.36) -0.49418
15.37) -0.48722
15.38) -0.4803
15.39) -0.47342
15.4) -0.46658
15.41) -0.45978
15.42) -0.45302
15.43) -0.4463
15.44) -0.43962
15.45) -0.43298
15.46) -0.42638
15.47) -0.41981
15.48) -0.41327
15.49) -0.40676
15.5) -0.40028
15.51) -0.39383
15.52) -0.38741
15.53) -0.38102
15.54) -0.37466
15.55) -0.36833
15.56) -0.36203
15.57) -0.35576
15.58) -0.34952
15.59) -0.34331
15.6) -0.33713
15.61) -0.33098
15.62) -0.32486
15.63) -0.31877
15.64) -0.31271
15.65) -0.30668
15.66) -0.30068
15.67) -0.29471
15.68) -0.28877
15.69) -0.28286
15.71) -0.27698
15.71) -0.27113
15.72) -0.26531
15.73) -0.25951
15.74) -0.25373
15.75) -0.24797
15.76) -0.24223
15.77) -0.23651
15.78) -0.23081
15.79) -0.22513
15.8) -0.21947
15.81) -0.21383
15.82) -0.20821
15.83) -0.20261
15.84) -0.19703
15.85) -0.19147
15.86) -0.18593
15.87) -0.18041
15.88) -0.17491
15.89) -0.16943
15.9) -0.16397
15.91) -0.15853
15.92) -0.15311
15.93) -0.1477
15.94) -0.1423
15.95) -0.13691
15.96) -0.13153
15.97) -0.12616
15.98) -0.1208
15.99) -0.11545
16.0) -0.11011
16.01) -0.10478
16.02) -0.09946
16.03) -0.09415
16.04) -0.08885
16.05) -0.08356
16.06) -0.07828
16.07) -0.07301
16.08) -0.06775
16.09) -0.0625
16.1) -0.05726
16.11) -0.05203
16.12) -0.04681
16.13) -0.04159
16.14) -0.03637
16.15) -0.03115
16.16) -0.02593
16.17) -0.02071
16.18) -0.01549
16.19) -0.01027
16.2) -0.00505
16.21) 1.7E-4
16.22) 0.00539
16.23) 0.01061
16.24) 0.01583
16.25) 0.02105
16.26) 0.02627
16.27) 0.03149
16.28) 0.03671
16.29) 0.04193
16.3) 0.04715
16.31) 0.05237
16.32) 0.0576
16.33) 0.06284
16.34) 0.06809
16.35) 0.07335
16.36) 0.07862
16.37) 0.0839
16.38) 0.08919
16.39) 0.09449
16.4) 0.0998
16.41) 0.10512
16.42) 0.11045
16.43) 0.11579
16.44) 0.12114
16.45) 0.1265
16.46) 0.13187
16.47) 0.13725
16.48) 0.14264
16.49) 0.14804
16.5) 0.15345
16.51) 0.15887
16.52) 0.16431
16.53) 0.16977
16.54) 0.17525
16.55) 0.18075
16.56) 0.18627
16.57) 0.19181
16.58) 0.19737
16.59) 0.20295
16.6) 0.20855
16.61) 0.21417
16.62) 0.21981
16.63) 0.22547
16.64) 0.23115
16.65) 0.23685
16.66) 0.24257
16.67) 0.24831
16.68) 0.25407
16.69) 0.25985
16.7) 0.26565
16.71) 0.27147
16.72) 0.27732
16.73) 0.2832
16.74) 0.28911
16.75) 0.29505
16.76) 0.30102
16.77) 0.30702
16.78) 0.31305
16.79) 0.31911
16.8) 0.3252
16.81) 0.33132
16.82) 0.33747
16.83) 0.34365
16.84) 0.34986
16.85) 0.3561
16.86) 0.36237
16.87) 0.36867
16.88) 0.375
16.89) 0.38136
16.9) 0.38775
16.91) 0.39417
16.92) 0.40062
16.93) 0.4071
16.94) 0.41361
16.95) 0.42015
16.96) 0.42672
16.97) 0.43332
16.98) 0.43996
16.99) 0.44664
17.0) 0.45336
17.01) 0.46012
17.02) 0.46692
17.03) 0.47376
17.04) 0.48064
17.05) 0.48756
17.06) 0.49452
17.07) 0.50152
17.08) 0.50856
17.09) 0.51564
17.1) 0.52276
17.11) 0.52992
17.12) 0.53712
17.13) 0.54436
17.14) 0.55164
17.15) 0.55896
17.16) 0.56632
17.17) 0.57372
17.18) 0.58116
17.19) 0.58864
17.2) 0.59616
17.21) 0.60372
17.22) 0.61132
17.23) 0.61896
17.24) 0.62664
17.25) 0.63436
17.26) 0.64212
17.27) 0.64992
17.28) 0.65776
17.29) 0.66564
17.3) 0.67356
17.31) 0.68152
17.32) 0.68952
17.33) 0.69756
17.34) 0.70564
17.35) 0.71376
17.36) 0.72192
17.37) 0.73011
17.38) 0.73833
17.39) 0.74658
17.42) 0.75486
17.41) 0.76317
17.42) 0.77151
17.43) 0.77988
17.44) 0.78828
17.45) 0.79671
17.46) 0.80517
17.47) 0.81366
17.48) 0.82218
17.49) 0.83073
17.5) 0.83931
17.51) 0.84791
17.52) 0.85653
17.53) 0.86517
17.54) 0.87383
17.55) 0.88251
17.56) 0.89121
17.57) 0.89993
17.58) 0.90867
17.59) 0.91743
17.6) 0.9262
17.61) 0.93498
17.62) 0.94377
17.63) 0.95257
17.64) 0.96138
17.65) 0.9702
17.66) 0.97903
17.67) 0.98786
17.68) 0.99669
17.69) 1.00552
17.7) 1.01435
17.71) 1.02318
17.72) 1.03201
17.73) 1.04083
17.74) 1.04964
17.75) 1.05844
17.76) 1.06723
17.77) 1.07601
17.78) 1.08477
17.79) 1.09351
17.8) 1.10223
17.81) 1.11093
17.82) 1.1196
17.83) 1.12824
17.84) 1.13685
17.85) 1.14543
17.86) 1.15397
17.87) 1.16247
17.88) 1.17093
17.89) 1.17935
17.92) 1.18772
17.91) 1.19604
17.92) 1.20431
17.93) 1.21253
17.94) 1.22069
17.95) 1.22879
17.96) 1.23683
17.97) 1.2448
17.98) 1.2527
17.99) 1.26053
18.0) 1.26829
18.01) 1.27597
18.02) 1.28357
18.03) 1.29109
18.04) 1.29852
18.05) 1.30586
18.06) 1.31311
18.07) 1.32026
18.08) 1.32731
18.09) 1.33426
18.1) 1.34111
18.11) 1.34785
18.12) 1.35448
18.13) 1.361
18.14) 1.3674
18.15) 1.37368
18.16) 1.37984
18.17) 1.38588
18.18) 1.39179
18.19) 1.39757
18.2) 1.40322
18.21) 1.40873
18.22) 1.4141
18.23) 1.41933
18.24) 1.42442
18.25) 1.42936
18.26) 1.43415
18.27) 1.43879
18.28) 1.44328
18.29) 1.44761
18.3) 1.45178
18.31) 1.45579
18.32) 1.45964
18.33) 1.46332
18.34) 1.46683
18.35) 1.47017
18.36) 1.47334
18.37) 1.47634
18.38) 1.47917
18.39) 1.48182
18.42) 1.48429
18.41) 1.48658
18.42) 1.48869
18.43) 1.49062
18.44) 1.49237
18.45) 1.49394
18.46) 1.49533
18.47) 1.49654
18.48) 1.49756
18.49) 1.49839
18.5) 1.49903
18.51) 1.49948
18.52) 1.49974
18.53) 1.49981
18.54) 1.49969
18.55) 1.49938
18.56) 1.49888
18.57) 1.49819
18.58) 1.49731
18.59) 1.49624
18.6) 1.49498
18.61) 1.49354
18.62) 1.49192
18.63) 1.49012
18.64) 1.48814
18.65) 1.48598
18.66) 1.48364
18.67) 1.48112
18.68) 1.47842
18.69) 1.47554
18.7) 1.47249
18.71) 1.46927
18.72) 1.46588
18.73) 1.46232
18.74) 1.45859
18.75) 1.4547
18.76) 1.45065
18.77) 1.44644
18.78) 1.44207
18.79) 1.43754
18.8) 1.43286
18.81) 1.42803
18.82) 1.42305
18.83) 1.41792
18.84) 1.41265
18.85) 1.40724
18.86) 1.40169
18.87) 1.396
18.88) 1.39018
18.89) 1.38423
18.92) 1.37815
18.91) 1.37195
18.92) 1.36563
18.93) 1.35919
18.94) 1.35263
18.95) 1.34596
18.96) 1.33918
18.97) 1.33229
18.98) 1.3253
18.99) 1.31821
19.0) 1.31102
19.01) 1.30374
19.02) 1.29637
19.03) 1.28891
19.04) 1.28136
19.05) 1.27373
19.06) 1.26602
19.07) 1.25823
19.08) 1.25037
19.09) 1.24244
19.1) 1.23444
19.11) 1.22638
19.12) 1.21826
19.13) 1.21008
19.14) 1.20184
19.15) 1.19355
19.16) 1.18521
19.17) 1.17682
19.18) 1.16838
19.19) 1.1599
19.2) 1.15138
19.21) 1.14282
19.22) 1.13423
19.23) 1.12561
19.24) 1.11696
19.25) 1.10828
19.26) 1.09957
19.27) 1.09084
19.28) 1.08209
19.29) 1.07332
19.3) 1.06453
19.31) 1.05573
19.32) 1.04692
19.33) 1.0381
19.34) 1.02927
19.35) 1.02043
19.36) 1.01159
19.37) 1.00275
19.38) 0.99391
19.39) 0.98507
19.42) 0.97623
19.41) 0.96739
19.42) 0.95856
19.43) 0.94974
19.44) 0.94093
19.45) 0.93213
19.46) 0.92334
19.47) 0.91456
19.48) 0.90579
19.49) 0.89704
19.5) 0.88831
19.51) 0.8796
19.52) 0.87091
19.53) 0.86224
19.54) 0.85359
19.55) 0.84496
19.56) 0.83635
19.57) 0.82777
19.58) 0.81922
19.59) 0.8107
19.6) 0.80221
19.61) 0.79375
19.62) 0.78532
19.63) 0.77692
19.64) 0.76855
19.65) 0.76021
19.66) 0.7519
19.67) 0.74362
19.68) 0.73537
19.69) 0.72715
19.7) 0.71896
19.71) 0.7108
19.72) 0.70268
19.73) 0.6946
19.74) 0.68656
19.75) 0.67856
19.76) 0.6706
19.77) 0.66268
19.78) 0.6548
19.79) 0.64696
19.8) 0.63916
19.81) 0.6314
19.82) 0.62368
19.83) 0.616
19.84) 0.60836
19.85) 0.60076
19.86) 0.5932
19.87) 0.58568
19.88) 0.5782
19.89) 0.57076
19.92) 0.56336
19.91) 0.556
19.92) 0.54868
19.93) 0.5414
19.94) 0.53416
19.95) 0.52696
19.96) 0.5198
19.97) 0.51268
19.98) 0.5056
19.99) 0.49856
20.0) 0.49156
