0.0) 0.0
0.01) -0.01875
0.02) -0.03749
0.03) -0.05621
0.04) -0.0749
0.05) -0.09354
0.06) -0.11213
0.07) -0.13065
0.08) -0.1491
0.09) -0.16747
0.1) -0.18574
0.11) -0.2039
0.12) -0.22195
0.13) -0.23987
0.14) -0.25766
0.15) -0.27531
0.16) -0.2928
0.17) -0.31013
0.18) -0.32729
0.19) -0.34427
0.2) -0.36106
0.21) -0.37766
0.22) -0.39405
0.23) -0.41023
0.24) -0.42619
0.25) -0.44193
0.26) -0.45744
0.27) -0.47271
0.28) -0.48773
0.29) -0.5025
0.3) -0.51702
0.31) -0.53128
0.32) -0.54527
0.33) -0.55899
0.34) -0.57244
0.3503) -0.58561
0.36) -0.5985
0.37) -0.6111
0.38) -0.62342
0.39) -0.63545
0.4) -0.64718
0.4103) -0.65862
0.42) -0.66976
0.43) -0.6806
0.44) -0.69114
0.45) -0.70138
0.46) -0.71132
0.4703) -0.72096
0.48) -0.7303
0.49) -0.73934
0.5) -0.74808
0.51) -0.75652
0.52) -0.76467
0.53) -0.77252
0.54) -0.78007
0.55) -0.78733
0.56) -0.7943
0.571) -0.80098
0.58) -0.80737
0.59) -0.81348
0.6) -0.81931
0.61) -0.82486
0.62) -0.83013
0.63) -0.83513
0.64) -0.83986
0.65) -0.84432
0.66) -0.84852
0.67) -0.85246
0.68) -0.85614
0.691) -0.85957
0.701) -0.86276
0.71) -0.8657
0.72) -0.86841
0.73) -0.87088
0.74) -0.87312
0.75) -0.87514
0.76) -0.87693
0.77) -0.87851
0.78) -0.87988
0.79) -0.88104
0.8) -0.882
0.81) -0.88276
0.821) -0.88332
0.831) -0.88369
0.84) -0.88388
0.85) -0.88389
0.86) -0.88373
0.87) -0.8834
0.88) -0.8829
0.89) -0.88224
0.9) -0.88142
0.91) -0.88045
0.92) -0.87934
0.93) -0.87808
0.941) -0.87669
0.951) -0.87516
0.96) -0.8735
0.97) -0.87172
0.98) -0.86982
0.99) -0.8678
1.0) -0.86567
1.01) -0.86343
1.02) -0.86109
1.03) -0.85865
1.04) -0.85611
1.05) -0.85348
1.06) -0.85077
1.07) -0.84797
1.08) -0.84509
1.09) -0.84214
1.1) -0.83911
1.11) -0.83601
1.12) -0.83285
1.131) -0.82963
1.141) -0.82635
1.151) -0.82301
1.16) -0.81962
1.17) -0.81618
1.18) -0.8127
1.19) -0.80917
1.2) -0.8056
1.21) -0.802
1.22) -0.79836
1.23) -0.79469
1.24) -0.79099
1.25) -0.78727
1.26) -0.78353
1.27) -0.77976
1.28) -0.77598
1.29) -0.77218
1.3) -0.76837
1.31) -0.76455
1.32) -0.76072
1.33) -0.75688
1.34) -0.75303
1.35) -0.74918
1.36) -0.74533
1.37) -0.74148
1.381) -0.73764
1.391) -0.7338
1.401) -0.72997
1.41) -0.72615
1.42) -0.72234
1.43) -0.71854
1.44) -0.71475
1.45) -0.71098
1.46) -0.70722
1.47) -0.70348
1.48) -0.69976
1.49) -0.69606
1.5) -0.69238
1.51) -0.68872
1.52) -0.68509
1.53) -0.68148
1.54) -0.6779
1.55) -0.67435
1.56) -0.67083
1.57) -0.66733
1.58) -0.66387
1.59) -0.66044
1.6) -0.65704
1.61) -0.65367
1.62) -0.65034
1.631) -0.64704
1.641) -0.64378
1.651) -0.64055
1.661) -0.63736
1.67) -0.63421
1.68) -0.6311
1.69) -0.62803
1.7) -0.625
1.71) -0.62201
1.72) -0.61906
1.73) -0.61615
1.74) -0.61329
1.75) -0.61047
1.76) -0.60769
1.77) -0.60496
1.78) -0.60227
1.79) -0.59963
1.8) -0.59703
1.81) -0.59448
1.82) -0.59197
1.83) -0.58951
1.84) -0.5871
1.85) -0.58473
1.86) -0.58241
1.87) -0.58014
1.881) -0.57792
1.891) -0.57574
1.901) -0.57361
1.911) -0.57153
1.92) -0.5695
1.93) -0.56752
1.94) -0.56559
1.95) -0.56371
1.96) -0.56188
1.97) -0.5601
1.98) -0.55837
1.99) -0.55669
2.0) -0.55506
2.012) -0.55348
2.02) -0.55196
2.032) -0.55049
2.04) -0.54907
2.05) -0.5477
2.06) -0.54638
2.07) -0.54511
2.08) -0.54389
2.09) -0.54273
2.1) -0.54162
2.11) -0.54056
2.12) -0.53955
2.13) -0.5386
2.14) -0.5377
2.15) -0.53685
2.16) -0.53605
2.17) -0.53531
2.18) -0.53462
2.19) -0.53398
2.2) -0.53339
2.21) -0.53286
2.22) -0.53238
2.23) -0.53195
2.24) -0.53158
2.25) -0.53126
2.262) -0.53099
2.27) -0.53077
2.282) -0.53061
2.29) -0.5305
2.303) -0.53044
2.31) -0.53044
2.32) -0.53049
2.33) -0.53059
2.34) -0.53075
2.35) -0.53096
2.36) -0.53122
2.37) -0.53153
2.38) -0.5319
2.39) -0.53232
2.4) -0.53279
2.41) -0.53332
2.42) -0.5339
2.43) -0.53453
2.44) -0.53521
2.45) -0.53595
2.46) -0.53674
2.47) -0.53758
2.48) -0.53848
2.49) -0.53943
2.5) -0.54043
2.512) -0.54148
2.52) -0.54258
2.532) -0.54374
2.54) -0.54495
2.553) -0.54621
2.56) -0.54752
2.57) -0.54888
2.58) -0.5503
2.59) -0.55177
2.6) -0.55329
2.61) -0.55486
2.62) -0.55648
2.63) -0.55815
2.64) -0.55987
2.65) -0.56164
2.66) -0.56346
2.67) -0.56533
2.68) -0.56725
2.69) -0.56922
2.7) -0.57124
2.71) -0.57331
2.72) -0.57543
2.73) -0.5776
2.74) -0.57982
2.75) -0.58209
2.762) -0.5844
2.77) -0.58676
2.782) -0.58917
2.79) -0.59163
2.803) -0.59413
2.81) -0.59668
2.82) -0.59927
2.83) -0.60191
2.84) -0.60459
2.85) -0.60732
2.86) -0.61009
2.87) -0.61291
2.88) -0.61577
2.89) -0.61867
2.9) -0.62161
2.91) -0.62459
2.92) -0.62762
2.93) -0.63069
2.94) -0.6338
2.95) -0.63694
2.96) -0.64012
2.97) -0.64334
2.98) -0.6466
2.99) -0.64989
3.0) -0.65322
3.012) -0.65658
3.02) -0.65998
3.032) -0.66341
3.04) -0.66687
3.053) -0.67036
3.06) -0.67388
3.073) -0.67743
3.08) -0.68101
3.09) -0.68461
3.1) -0.68824
3.11) -0.69189
3.12) -0.69557
3.13) -0.69927
3.14) -0.70299
3.15) -0.70673
3.16) -0.71049
3.17) -0.71426
3.18) -0.71805
3.19) -0.72185
3.2) -0.72566
3.21) -0.72948
3.22) -0.73331
3.23) -0.73715
3.24) -0.74099
3.25) -0.74484
3.262) -0.74869
3.27) -0.75254
3.282) -0.75639
3.29) -0.76023
3.303) -0.76406
3.31) -0.76789
3.323) -0.7717
3.33) -0.7755
3.34) -0.77929
3.35) -0.78306
3.36) -0.78681
3.37) -0.79053
3.38) -0.79423
3.39) -0.7979
3.4) -0.80154
3.41) -0.80515
3.42) -0.80872
3.43) -0.81225
3.44) -0.81574
3.45) -0.81918
3.46) -0.82258
3.47) -0.82592
3.48) -0.82921
3.49) -0.83244
3.5) -0.83561
3.512) -0.83871
3.52) -0.84175
3.532) -0.84471
3.54) -0.8476
3.553) -0.85041
3.56) -0.85314
3.573) -0.85578
3.58) -0.85833
3.59) -0.86078
3.6) -0.86313
3.61) -0.86538
3.62) -0.86752
3.63) -0.86955
3.64) -0.87147
3.65) -0.87327
3.66) -0.87494
3.67) -0.87649
3.68) -0.8779
3.69) -0.87918
3.7) -0.88031
3.71) -0.8813
3.72) -0.88214
3.73) -0.88282
3.74) -0.88334
3.75) -0.8837
3.762) -0.88389
3.77) -0.8839
3.782) -0.88373
3.79) -0.88338
3.803) -0.88284
3.81) -0.88211
3.823) -0.88118
3.83) -0.88005
3.84) -0.87871
3.85) -0.87716
3.86) -0.8754
3.87) -0.87341
3.88) -0.8712
3.89) -0.86876
3.9) -0.86609
3.91) -0.86318
3.92) -0.86003
3.93) -0.85663
3.94) -0.85298
3.95) -0.84907
3.96) -0.84491
3.97) -0.84048
3.98) -0.83579
3.99) -0.83083
4.0) -0.8256
4.01) -0.82009
4.025) -0.8143
4.03) -0.80823
4.04) -0.80188
4.05) -0.79524
4.065) -0.78831
4.07) -0.78109
4.08) -0.77358
4.09) -0.76577
4.1) -0.75766
4.11) -0.74926
4.12) -0.74056
4.13) -0.73156
4.14) -0.72226
4.15) -0.71266
4.16) -0.70276
4.17) -0.69256
4.18) -0.68206
4.19) -0.67126
4.2) -0.66016
4.21) -0.64876
4.22) -0.63707
4.23) -0.62508
4.24) -0.6128
4.25) -0.60023
4.26) -0.58738
4.275) -0.57425
4.28) -0.56084
4.29) -0.54715
4.3) -0.53319
4.315) -0.51897
4.32) -0.50449
4.33) -0.48975
4.34) -0.47476
4.355) -0.45952
4.36) -0.44404
4.37) -0.42833
4.38) -0.41239
4.39) -0.39624
4.4) -0.37987
4.41) -0.3633
4.42) -0.34653
4.43) -0.32957
4.44) -0.31243
4.45) -0.29512
4.46) -0.27765
4.47) -0.26002
4.48) -0.24225
4.49) -0.22434
4.5) -0.20631
4.51) -0.18816
4.525) -0.1699
4.53) -0.15155
4.54) -0.13311
4.55) -0.11459
4.565) -0.09601
4.57) -0.07737
4.58) -0.05869
4.59) -0.03998
4.605) -0.02124
4.61) -0.00249
4.62) 0.01626
4.63) 0.035
4.64) 0.05372
4.65) 0.07241
4.66) 0.09106
4.67) 0.10966
4.68) 0.12819
4.69) 0.14665
4.7) 0.16503
4.71) 0.18331
4.72) 0.20149
4.73) 0.21956
4.74) 0.2375
4.75) 0.25531
4.76) 0.27298
4.775) 0.29049
4.78) 0.30784
4.79) 0.32502
4.8) 0.34203
4.815) 0.35885
4.82) 0.37547
4.83) 0.39189
4.84) 0.4081
4.855) 0.42409
4.86) 0.43986
4.87) 0.4554
4.88) 0.4707
4.89) 0.48576
4.9) 0.50057
4.91) 0.51512
4.92) 0.52941
4.93) 0.54344
4.94) 0.5572
4.95) 0.57069
4.96) 0.5839
4.97) 0.59683
4.98) 0.60947
4.99) 0.62183
5.0) 0.6339
5.01) 0.64567
5.025) 0.65715
5.03) 0.66833
5.04) 0.67921
5.05) 0.6898
5.065) 0.70009
5.07) 0.71008
5.08) 0.71976
5.09) 0.72914
5.105) 0.73822
5.11) 0.747
5.12) 0.75548
5.13) 0.76367
5.14) 0.77156
5.15) 0.77915
5.16) 0.78645
5.17) 0.79346
5.18) 0.80018
5.19) 0.80661
5.2) 0.81276
5.21) 0.81862
5.22) 0.8242
5.23) 0.82951
5.24) 0.83454
5.25) 0.8393
5.26) 0.8438
5.275) 0.84803
5.28) 0.852
5.29) 0.85572
5.3) 0.85919
5.315) 0.86241
5.32) 0.86539
5.33) 0.86813
5.34) 0.87063
5.355) 0.8729
5.36) 0.87494
5.37) 0.87676
5.38) 0.87837
5.39) 0.87976
5.4) 0.88094
5.41) 0.88192
5.42) 0.8827
5.43) 0.88329
5.44) 0.88369
5.45) 0.8839
5.46) 0.88393
5.47) 0.88379
5.48) 0.88348
5.49) 0.883
5.5) 0.88236
5.51) 0.88156
5.525) 0.88061
5.53) 0.87951
5.54) 0.87827
5.55) 0.87689
5.565) 0.87538
5.57) 0.87374
5.58) 0.87197
5.59) 0.87008
5.605) 0.86808
5.61) 0.86596
5.62) 0.86374
5.63) 0.86141
5.64) 0.85898
5.65) 0.85646
5.66) 0.85385
5.67) 0.85115
5.68) 0.84836
5.69) 0.84549
5.7) 0.84255
5.71) 0.83953
5.72) 0.83644
5.73) 0.83329
5.74) 0.83008
5.75) 0.82681
5.76) 0.82348
5.775) 0.8201
5.78) 0.81667
5.79) 0.81319
5.8) 0.80967
5.815) 0.80611
5.82) 0.80251
5.83) 0.79888
5.84) 0.79522
5.855) 0.79153
5.86) 0.78781
5.87) 0.78407
5.88) 0.78031
5.89) 0.77653
5.9) 0.77273
5.91) 0.76892
5.92) 0.7651
5.93) 0.76127
5.94) 0.75743
5.95) 0.75359
5.96) 0.74974
5.97) 0.74589
5.98) 0.74204
5.99) 0.73819
6.0) 0.73435
6.01) 0.73052
6.025) 0.72669
6.03) 0.72287
6.04) 0.71907
6.05) 0.71528
6.065) 0.7115
6.07) 0.70774
6.08) 0.704
6.09) 0.70028
6.105) 0.69658
6.11) 0.6929
6.12) 0.68924
6.13) 0.6856
6.14) 0.68199
6.15) 0.67841
6.16) 0.67485
6.17) 0.67132
6.18) 0.66782
6.19) 0.66435
6.2) 0.66091
6.21) 0.65751
6.22) 0.65414
6.23) 0.6508
6.24) 0.6475
6.25) 0.64423
6.26) 0.641
6.275) 0.63781
6.28) 0.63466
6.29) 0.63154
6.3) 0.62846
6.315) 0.62542
6.32) 0.62242
6.33) 0.61947
6.34) 0.61656
6.355) 0.61369
6.36) 0.61086
6.37) 0.60808
6.38) 0.60534
6.39) 0.60264
6.4) 0.59999
6.41) 0.59738
6.42) 0.59482
6.43) 0.59231
6.44) 0.58984
6.45) 0.58742
6.46) 0.58505
6.47) 0.58272
6.48) 0.58044
6.49) 0.57821
6.5) 0.57603
6.51) 0.5739
6.525) 0.57182
6.53) 0.56978
6.54) 0.56779
6.55) 0.56585
6.565) 0.56396
6.57) 0.56212
6.58) 0.56033
6.59) 0.55859
6.605) 0.55691
6.61) 0.55528
6.62) 0.5537
6.63) 0.55217
6.64) 0.55069
6.65) 0.54926
6.66) 0.54788
6.67) 0.54655
6.68) 0.54528
6.69) 0.54406
6.7) 0.54289
6.71) 0.54177
6.72) 0.5407
6.73) 0.53969
6.74) 0.53873
6.75) 0.53782
6.76) 0.53696
6.775) 0.53616
6.78) 0.53541
6.79) 0.53471
6.8) 0.53406
6.815) 0.53347
6.82) 0.53293
6.83) 0.53244
6.84) 0.53201
6.855) 0.53163
6.86) 0.5313
6.87) 0.53102
6.88) 0.5308
6.89) 0.53063
6.9) 0.53051
6.91) 0.53045
6.92) 0.53044
6.93) 0.53048
6.94) 0.53058
6.95) 0.53073
6.96) 0.53093
6.97) 0.53118
6.98) 0.53149
6.99) 0.53185
7.0) 0.53226
7.01) 0.53273
7.025) 0.53325
7.03) 0.53382
7.04) 0.53444
7.05) 0.53512
7.065) 0.53585
7.07) 0.53663
7.08) 0.53747
7.09) 0.53836
7.105) 0.5393
7.11) 0.54029
7.12) 0.54134
7.13) 0.54244
7.14) 0.54359
7.15) 0.54479
7.16) 0.54604
7.17) 0.54735
7.18) 0.54871
7.19) 0.55012
7.2) 0.55158
7.21) 0.55309
7.22) 0.55465
7.23) 0.55626
7.24) 0.55792
7.25) 0.55964
7.26) 0.56141
7.275) 0.56323
7.28) 0.5651
7.29) 0.56702
7.3) 0.56899
7.315) 0.57101
7.32) 0.57307
7.33) 0.57518
7.34) 0.57734
7.355) 0.57955
7.36) 0.58181
7.37) 0.58412
7.38) 0.58647
7.39) 0.58887
7.4) 0.59132
7.41) 0.59382
7.42) 0.59636
7.43) 0.59895
7.44) 0.60158
7.45) 0.60426
7.46) 0.60698
7.47) 0.60975
7.48) 0.61256
7.49) 0.61541
7.5) 0.61831
7.51) 0.62125
7.525) 0.62423
7.53) 0.62725
7.54) 0.63031
7.55) 0.63341
7.565) 0.63655
7.57) 0.63973
7.58) 0.64295
7.59) 0.6462
7.605) 0.64949
7.61) 0.65281
7.62) 0.65617
7.63) 0.65956
7.64) 0.66298
7.65) 0.66644
7.66) 0.66993
7.67) 0.67345
7.68) 0.677
7.69) 0.68057
7.7) 0.68417
7.71) 0.6878
7.72) 0.69145
7.73) 0.69512
7.74) 0.69882
7.75) 0.70254
7.76) 0.70628
7.775) 0.71003
7.78) 0.7138
7.79) 0.71759
7.8) 0.72139
7.815) 0.7252
7.82) 0.72902
7.83) 0.73285
7.84) 0.73669
7.855) 0.74053
7.86) 0.74438
7.87) 0.74823
7.88) 0.75208
7.89) 0.75593
7.9) 0.75977
7.91) 0.76361
7.92) 0.76744
7.93) 0.77126
7.94) 0.77506
7.95) 0.77885
7.96) 0.78262
7.97) 0.78637
7.98) 0.7901
7.99) 0.7938
8.0) 0.79748
8.01) 0.80112
8.02) 0.80473
8.03) 0.80831
8.04) 0.81185
8.05) 0.81534
8.06) 0.81879
8.07) 0.82219
8.08) 0.82554
8.09) 0.82884
8.1) 0.83208
8.11) 0.83526
8.12) 0.83837
8.13) 0.84141
8.14) 0.84438
8.15) 0.84728
8.16) 0.8501
8.17) 0.85284
8.18) 0.85549
8.19) 0.85805
8.2) 0.86052
8.21) 0.86289
8.22) 0.86515
8.23) 0.86731
8.24) 0.86936
8.25) 0.87129
8.26) 0.8731
8.27) 0.87479
8.28) 0.87635
8.29) 0.87778
8.3) 0.87907
8.31) 0.88022
8.32) 0.88123
8.33) 0.88209
8.34) 0.88279
8.35) 0.88333
8.36) 0.88371
8.37) 0.88392
8.38) 0.88396
8.39) 0.88382
8.4) 0.88349
8.41) 0.88298
8.42) 0.88227
8.43) 0.88137
8.44) 0.88027
8.45) 0.87896
8.46) 0.87744
8.47) 0.8757
8.48) 0.87374
8.49) 0.87156
8.5) 0.86915
8.51) 0.86651
8.52) 0.86363
8.53) 0.86051
8.54) 0.85714
8.55) 0.85352
8.56) 0.84965
8.57) 0.84552
8.58) 0.84113
8.59) 0.83647
8.6) 0.83154
8.61) 0.82634
8.62) 0.82087
8.63) 0.81512
8.64) 0.80909
8.65) 0.80277
8.66) 0.79617
8.67) 0.78928
8.68) 0.78209
8.69) 0.77461
8.71) 0.76684
8.71) 0.75877
8.72) 0.7504
8.73) 0.74173
8.74) 0.73276
8.75) 0.72349
8.76) 0.71392
8.77) 0.70405
8.78) 0.69388
8.79) 0.68341
8.8) 0.67264
8.81) 0.66157
8.82) 0.65021
8.83) 0.63855
8.84) 0.6266
8.85) 0.61436
8.86) 0.60183
8.87) 0.58901
8.88) 0.57591
8.89) 0.56253
8.9) 0.54888
8.91) 0.53496
8.92) 0.52077
8.93) 0.50632
8.94) 0.49161
8.95) 0.47665
8.96) 0.46144
8.97) 0.44599
8.98) 0.43031
8.99) 0.4144
9.0) 0.39827
9.01) 0.38193
9.02) 0.36538
9.03) 0.34864
9.04) 0.33171
9.05) 0.31459
9.06) 0.2973
9.07) 0.27985
9.08) 0.26224
9.09) 0.24448
9.1) 0.22659
9.11) 0.20857
9.12) 0.19043
9.13) 0.17218
9.14) 0.15384
9.15) 0.13541
9.16) 0.1169
9.17) 0.09832
9.18) 0.07969
9.19) 0.06101
9.21) 0.0423
9.21) 0.02356
9.22) 0.00481
9.23) -0.01394
9.24) -0.03268
9.25) -0.05141
9.26) -0.07011
9.27) -0.08877
9.28) -0.10738
9.29) -0.12592
9.3) -0.14439
9.31) -0.16278
9.32) -0.18108
9.33) -0.19927
9.34) -0.21735
9.35) -0.23531
9.36) -0.25314
9.37) -0.27083
9.38) -0.28837
9.39) -0.30575
9.4) -0.32296
9.41) -0.33999
9.42) -0.35683
9.43) -0.37348
9.44) -0.38993
9.45) -0.40617
9.46) -0.42219
9.47) -0.43799
9.48) -0.45356
9.49) -0.46889
9.5) -0.48398
9.51) -0.49882
9.52) -0.51341
9.53) -0.52774
9.54) -0.5418
9.55) -0.55559
9.56) -0.56911
9.57) -0.58235
9.58) -0.59531
9.59) -0.60799
9.6) -0.62038
9.61) -0.63248
9.62) -0.64429
9.63) -0.6558
9.64) -0.66702
9.65) -0.67794
9.66) -0.68856
9.67) -0.69888
9.68) -0.7089
9.69) -0.71862
9.71) -0.72804
9.71) -0.73716
9.72) -0.74598
9.73) -0.7545
9.74) -0.76272
9.75) -0.77065
9.76) -0.77828
9.77) -0.78562
9.78) -0.79266
9.79) -0.79941
9.8) -0.80588
9.81) -0.81206
9.82) -0.81796
9.83) -0.82358
9.84) -0.82892
9.85) -0.83399
9.86) -0.83879
9.87) -0.84332
9.88) -0.84759
9.89) -0.8516
9.9) -0.85535
9.91) -0.85885
9.92) -0.8621
9.93) -0.8651
9.94) -0.86786
9.95) -0.87039
9.96) -0.87269
9.97) -0.87476
9.98) -0.87661
9.99) -0.87824
10.0) -0.87966
10.01) -0.88087
10.02) -0.88188
10.03) -0.88269
10.04) -0.8833
10.05) -0.88372
10.06) -0.88396
10.07) -0.88402
10.08) -0.8839
10.09) -0.88361
10.1) -0.88315
10.11) -0.88253
10.12) -0.88175
10.13) -0.88082
10.14) -0.87974
10.15) -0.87852
10.16) -0.87716
10.17) -0.87567
10.18) -0.87404
10.19) -0.87229
10.21) -0.87042
10.21) -0.86843
10.22) -0.86633
10.23) -0.86412
10.24) -0.86181
10.25) -0.85939
10.26) -0.85688
10.27) -0.85428
10.28) -0.85159
10.29) -0.84881
10.3) -0.84595
10.31) -0.84302
10.32) -0.84001
10.33) -0.83693
10.34) -0.83379
10.35) -0.83058
10.36) -0.82731
10.37) -0.82399
10.38) -0.82061
10.39) -0.81718
10.4) -0.81371
10.41) -0.81019
10.42) -0.80663
10.43) -0.80304
10.44) -0.79941
10.45) -0.79575
10.46) -0.79206
10.47) -0.78834
10.48) -0.7846
10.49) -0.78084
10.5) -0.77706
10.51) -0.77326
10.52) -0.76945
10.53) -0.76563
10.54) -0.7618
10.55) -0.75796
10.56) -0.75412
10.57) -0.75027
10.58) -0.74642
10.59) -0.74257
10.6) -0.73872
10.61) -0.73488
10.62) -0.73105
10.63) -0.72722
10.64) -0.7234
10.65) -0.71959
10.66) -0.7158
10.67) -0.71202
10.68) -0.70826
10.69) -0.70451
10.71) -0.70078
10.71) -0.69707
10.72) -0.69338
10.73) -0.68972
10.74) -0.68608
10.75) -0.68247
10.76) -0.67888
10.77) -0.67532
10.78) -0.67179
10.79) -0.66829
10.8) -0.66482
10.81) -0.66138
10.82) -0.65797
10.83) -0.65459
10.84) -0.65125
10.85) -0.64794
10.86) -0.64467
10.87) -0.64144
10.88) -0.63824
10.89) -0.63508
10.9) -0.63196
10.91) -0.62888
10.92) -0.62584
10.93) -0.62284
10.94) -0.61988
10.95) -0.61696
10.96) -0.61408
10.97) -0.61125
10.98) -0.60846
10.99) -0.60571
11.0) -0.60301
11.01) -0.60035
11.02) -0.59774
11.03) -0.59517
11.04) -0.59265
11.05) -0.59018
11.06) -0.58775
11.07) -0.58537
11.08) -0.58304
11.09) -0.58076
11.1) -0.57852
11.11) -0.57633
11.12) -0.57419
11.13) -0.5721
11.14) -0.57006
11.15) -0.56807
11.16) -0.56613
11.17) -0.56424
11.18) -0.5624
11.19) -0.56061
11.21) -0.55887
11.21) -0.55718
11.22) -0.55554
11.23) -0.55395
11.24) -0.55241
11.25) -0.55092
11.26) -0.54948
11.27) -0.5481
11.28) -0.54677
11.29) -0.54549
11.3) -0.54426
11.31) -0.54308
11.32) -0.54196
11.33) -0.54089
11.34) -0.53987
11.35) -0.5389
11.36) -0.53799
11.37) -0.53713
11.38) -0.53632
11.39) -0.53556
11.4) -0.53486
11.41) -0.53421
11.42) -0.53361
11.43) -0.53306
11.44) -0.53257
11.45) -0.53213
11.46) -0.53174
11.47) -0.53141
11.48) -0.53113
11.49) -0.5309
11.5) -0.53072
11.51) -0.5306
11.52) -0.53053
11.53) -0.53051
11.54) -0.53055
11.55) -0.53064
11.56) -0.53078
11.57) -0.53098
11.58) -0.53123
11.59) -0.53153
11.6) -0.53189
11.61) -0.5323
11.62) -0.53276
11.63) -0.53327
11.64) -0.53384
11.65) -0.53446
11.66) -0.53513
11.67) -0.53586
11.68) -0.53664
11.69) -0.53747
11.71) -0.53835
11.71) -0.53929
11.72) -0.54028
11.73) -0.54132
11.74) -0.54241
11.75) -0.54355
11.76) -0.54475
11.77) -0.546
11.78) -0.5473
11.79) -0.54865
11.8) -0.55005
11.81) -0.55151
11.82) -0.55302
11.83) -0.55458
11.84) -0.55619
11.85) -0.55785
11.86) -0.55956
11.87) -0.56132
11.88) -0.56313
11.89) -0.56499
11.9) -0.5669
11.91) -0.56886
11.92) -0.57087
11.93) -0.57293
11.94) -0.57504
11.95) -0.5772
11.96) -0.57941
11.97) -0.58166
11.98) -0.58396
11.99) -0.58631
12.0) -0.58871
12.01) -0.59115
12.02) -0.59364
12.03) -0.59618
12.04) -0.59876
12.05) -0.60139
12.06) -0.60406
12.07) -0.60678
12.08) -0.60954
12.09) -0.61235
12.1) -0.6152
12.11) -0.61809
12.12) -0.62102
12.13) -0.624
12.14) -0.62702
12.15) -0.63008
12.16) -0.63318
12.17) -0.63632
12.18) -0.63949
12.19) -0.6427
12.21) -0.64595
12.21) -0.64923
12.22) -0.65255
12.23) -0.6559
12.24) -0.65929
12.25) -0.66271
12.26) -0.66616
12.27) -0.66964
12.28) -0.67315
12.29) -0.67669
12.3) -0.68026
12.31) -0.68386
12.32) -0.68748
12.33) -0.69113
12.34) -0.6948
12.35) -0.69849
12.36) -0.7022
12.37) -0.70593
12.38) -0.70968
12.39) -0.71345
12.4) -0.71723
12.41) -0.72103
12.42) -0.72484
12.43) -0.72866
12.44) -0.73249
12.45) -0.73633
12.46) -0.74017
12.47) -0.74402
12.48) -0.74787
12.49) -0.75172
12.5) -0.75557
12.51) -0.75941
12.52) -0.76325
12.53) -0.76708
12.54) -0.7709
12.55) -0.7747
12.56) -0.77849
12.57) -0.78226
12.58) -0.78601
12.59) -0.78974
12.6) -0.79345
12.61) -0.79713
12.62) -0.80078
12.63) -0.80439
12.64) -0.80797
12.65) -0.81151
12.66) -0.81501
12.67) -0.81846
12.68) -0.82187
12.69) -0.82523
12.71) -0.82853
12.71) -0.83177
12.72) -0.83495
12.73) -0.83807
12.74) -0.84112
12.75) -0.8441
12.76) -0.84701
12.77) -0.84984
12.78) -0.85258
12.79) -0.85524
12.8) -0.85781
12.81) -0.86028
12.82) -0.86266
12.83) -0.86493
12.84) -0.8671
12.85) -0.86916
12.86) -0.8711
12.87) -0.87293
12.88) -0.87463
12.89) -0.8762
12.9) -0.87764
12.91) -0.87895
12.92) -0.88012
12.93) -0.88114
12.94) -0.88201
12.95) -0.88273
12.96) -0.88329
12.97) -0.88368
12.98) -0.8839
12.99) -0.88395
13.0) -0.88382
13.01) -0.88351
13.02) -0.88301
13.03) -0.88232
13.04) -0.88144
13.05) -0.88035
13.06) -0.87906
13.07) -0.87756
13.08) -0.87584
13.09) -0.8739
13.1) -0.87174
13.11) -0.86935
13.12) -0.86673
13.13) -0.86387
13.14) -0.86077
13.15) -0.85742
13.16) -0.85383
13.17) -0.84998
13.18) -0.84587
13.19) -0.8415
13.21) -0.83687
13.21) -0.83197
13.22) -0.8268
13.23) -0.82135
13.24) -0.81562
13.25) -0.80961
13.26) -0.80332
13.27) -0.79674
13.28) -0.78987
13.29) -0.78271
13.3) -0.77526
13.31) -0.76752
13.32) -0.75948
13.33) -0.75114
13.34) -0.7425
13.35) -0.73356
13.36) -0.72432
13.37) -0.71478
13.38) -0.70494
13.39) -0.6948
13.4) -0.68436
13.41) -0.67362
13.42) -0.66258
13.43) -0.65125
13.44) -0.63962
13.45) -0.6277
13.46) -0.61549
13.47) -0.60299
13.48) -0.5902
13.49) -0.57713
13.5) -0.56378
13.51) -0.55015
13.52) -0.53625
13.53) -0.52209
13.54) -0.50766
13.55) -0.49298
13.56) -0.47804
13.57) -0.46286
13.58) -0.44744
13.59) -0.43178
13.6) -0.41589
13.61) -0.39978
13.62) -0.38346
13.63) -0.36693
13.64) -0.3502
13.65) -0.33328
13.66) -0.31618
13.67) -0.29891
13.68) -0.28147
13.69) -0.26388
13.71) -0.24614
13.71) -0.22826
13.72) -0.21025
13.73) -0.19212
13.74) -0.17388
13.75) -0.15555
13.76) -0.13713
13.77) -0.11863
13.78) -0.10006
13.79) -0.08143
13.8) -0.06276
13.81) -0.04405
13.82) -0.02532
13.83) -0.00657
13.84) 0.01218
13.85) 0.03092
13.86) 0.04965
13.87) 0.06835
13.88) 0.08701
13.89) 0.10562
13.9) 0.12417
13.91) 0.14265
13.92) 0.16105
13.93) 0.17936
13.94) 0.19756
13.95) 0.21565
13.96) 0.23362
13.97) 0.25146
13.98) 0.26916
13.99) 0.28671
14.0) 0.3041
14.01) 0.32132
14.02) 0.33836
14.03) 0.35522
14.04) 0.37189
14.05) 0.38836
14.06) 0.40462
14.07) 0.42066
14.08) 0.43648
14.09) 0.45207
14.1) 0.46742
14.11) 0.48253
14.12) 0.49739
14.13) 0.512
14.14) 0.52635
14.15) 0.54044
14.16) 0.55426
14.17) 0.5678
14.18) 0.58107
14.19) 0.59406
14.21) 0.60676
14.21) 0.61918
14.22) 0.63131
14.23) 0.64315
14.24) 0.65469
14.25) 0.66594
14.26) 0.67689
14.27) 0.68754
14.28) 0.69789
14.29) 0.70794
14.3) 0.71769
14.31) 0.72714
14.32) 0.73629
14.33) 0.74514
14.34) 0.75369
14.35) 0.76194
14.36) 0.76989
14.37) 0.77755
14.38) 0.78491
14.39) 0.79198
14.4) 0.79876
14.41) 0.80525
14.42) 0.81146
14.43) 0.81738
14.44) 0.82302
14.45) 0.82839
14.46) 0.83348
14.47) 0.8383
14.48) 0.84285
14.49) 0.84714
14.5) 0.85117
14.51) 0.85494
14.52) 0.85846
14.53) 0.86173
14.54) 0.86476
14.55) 0.86755
14.56) 0.8701
14.57) 0.87242
14.58) 0.87451
14.59) 0.87638
14.6) 0.87803
14.61) 0.87947
14.62) 0.8807
14.63) 0.88173
14.64) 0.88256
14.65) 0.88319
14.66) 0.88363
14.67) 0.88388
14.68) 0.88395
14.69) 0.88385
14.71) 0.88358
14.71) 0.88314
14.72) 0.88254
14.73) 0.88178
14.74) 0.88086
14.75) 0.8798
14.76) 0.87859
14.77) 0.87724
14.78) 0.87576
14.79) 0.87415
14.8) 0.87241
14.81) 0.87055
14.82) 0.86857
14.83) 0.86648
14.84) 0.86428
14.85) 0.86198
14.86) 0.85957
14.87) 0.85707
14.88) 0.85447
14.89) 0.85179
14.9) 0.84902
14.91) 0.84617
14.92) 0.84324
14.93) 0.84024
14.94) 0.83717
14.95) 0.83403
14.96) 0.83083
14.97) 0.82757
14.98) 0.82425
14.99) 0.82088
15.0) 0.81746
15.01) 0.81399
15.02) 0.81048
15.03) 0.80693
15.04) 0.80334
15.05) 0.79972
15.06) 0.79606
15.07) 0.79237
15.08) 0.78866
15.09) 0.78492
15.1) 0.78116
15.11) 0.77738
15.12) 0.77359
15.13) 0.76978
15.14) 0.76596
15.15) 0.76213
15.16) 0.75829
15.17) 0.75445
15.18) 0.7506
15.19) 0.74675
15.21) 0.7429
15.21) 0.73905
15.22) 0.73521
15.23) 0.73137
15.24) 0.72754
15.25) 0.72372
15.26) 0.71991
15.27) 0.71612
15.28) 0.71234
15.29) 0.70858
15.3) 0.70483
15.31) 0.7011
15.32) 0.69739
15.33) 0.6937
15.34) 0.69003
15.35) 0.68639
15.36) 0.68277
15.37) 0.67918
15.38) 0.67562
15.39) 0.67209
15.4) 0.66858
15.41) 0.6651
15.42) 0.66166
15.43) 0.65825
15.44) 0.65487
15.45) 0.65153
15.46) 0.64822
15.47) 0.64495
15.48) 0.64171
15.49) 0.63851
15.5) 0.63535
15.51) 0.63223
15.52) 0.62915
15.53) 0.62611
15.54) 0.62311
15.55) 0.62015
15.56) 0.61723
15.57) 0.61435
15.58) 0.61151
15.59) 0.60872
15.6) 0.60597
15.61) 0.60327
15.62) 0.60061
15.63) 0.59799
15.64) 0.59542
15.65) 0.5929
15.66) 0.59042
15.67) 0.58799
15.68) 0.58561
15.69) 0.58327
15.71) 0.58098
15.71) 0.57874
15.72) 0.57655
15.73) 0.57441
15.74) 0.57232
15.75) 0.57027
15.76) 0.56827
15.77) 0.56632
15.78) 0.56442
15.79) 0.56257
15.8) 0.56077
15.81) 0.55902
15.82) 0.55732
15.83) 0.55568
15.84) 0.55409
15.85) 0.55255
15.86) 0.55106
15.87) 0.54962
15.88) 0.54823
15.89) 0.54689
15.9) 0.5456
15.91) 0.54437
15.92) 0.54319
15.93) 0.54206
15.94) 0.54098
15.95) 0.53996
15.96) 0.53899
15.97) 0.53807
15.98) 0.5372
15.99) 0.53639
16.0) 0.53563
16.01) 0.53492
16.02) 0.53426
16.03) 0.53366
16.04) 0.53311
16.05) 0.53261
16.06) 0.53216
16.07) 0.53177
16.08) 0.53143
16.09) 0.53114
16.1) 0.53091
16.11) 0.53073
16.12) 0.5306
16.13) 0.53053
16.14) 0.53051
16.15) 0.53054
16.16) 0.53062
16.17) 0.53076
16.18) 0.53095
16.19) 0.53119
16.2) 0.53149
16.21) 0.53184
16.22) 0.53224
16.23) 0.5327
16.24) 0.53321
16.25) 0.53377
16.26) 0.53438
16.27) 0.53505
16.28) 0.53577
16.29) 0.53654
16.3) 0.53737
16.31) 0.53825
16.32) 0.53918
16.33) 0.54016
16.34) 0.5412
16.35) 0.54229
16.36) 0.54343
16.37) 0.54462
16.38) 0.54586
16.39) 0.54716
16.4) 0.54851
16.41) 0.54991
16.42) 0.55136
16.43) 0.55286
16.44) 0.55441
16.45) 0.55601
16.46) 0.55766
16.47) 0.55937
16.48) 0.56113
16.49) 0.56294
16.5) 0.5648
16.51) 0.56671
16.52) 0.56867
16.53) 0.57068
16.54) 0.57274
16.55) 0.57484
16.56) 0.57699
16.57) 0.57919
16.58) 0.58144
16.59) 0.58374
16.6) 0.58609
16.61) 0.58848
16.62) 0.59092
16.63) 0.59341
16.64) 0.59594
16.65) 0.59852
16.66) 0.60114
16.67) 0.60381
16.68) 0.60652
16.69) 0.60928
16.7) 0.61208
16.71) 0.61493
16.72) 0.61782
16.73) 0.62075
16.74) 0.62372
16.75) 0.62673
16.76) 0.62978
16.77) 0.63287
16.78) 0.636
16.79) 0.63917
16.8) 0.64238
16.81) 0.64563
16.82) 0.64891
16.83) 0.65223
16.84) 0.65558
16.85) 0.65897
16.86) 0.66239
16.87) 0.66584
16.88) 0.66932
16.89) 0.67283
16.9) 0.67637
16.91) 0.67994
16.92) 0.68354
16.93) 0.68716
16.94) 0.69081
16.95) 0.69448
16.96) 0.69817
16.97) 0.70188
16.98) 0.70561
16.99) 0.70936
17.0) 0.71313
17.01) 0.71691
17.02) 0.72071
17.03) 0.72452
17.04) 0.72834
17.05) 0.73217
17.06) 0.73601
17.07) 0.73985
17.08) 0.7437
17.09) 0.74755
17.1) 0.7514
17.11) 0.75525
17.12) 0.75909
17.13) 0.76293
17.14) 0.76676
17.15) 0.77058
17.16) 0.77439
17.17) 0.77818
17.18) 0.78195
17.19) 0.7857
17.2) 0.78943
17.21) 0.79314
17.22) 0.79682
17.23) 0.80047
17.24) 0.80409
17.25) 0.80767
17.26) 0.81121
17.27) 0.81471
17.28) 0.81817
17.29) 0.82158
17.3) 0.82494
17.31) 0.82825
17.32) 0.8315
17.33) 0.83469
17.34) 0.83782
17.35) 0.84088
17.36) 0.84387
17.37) 0.84678
17.38) 0.84961
17.39) 0.85236
17.42) 0.85503
17.41) 0.85761
17.42) 0.86009
17.43) 0.86248
17.44) 0.86476
17.45) 0.86694
17.46) 0.86901
17.47) 0.87096
17.48) 0.8728
17.49) 0.87451
17.5) 0.8761
17.51) 0.87756
17.52) 0.87888
17.53) 0.88006
17.54) 0.88109
17.55) 0.88197
17.56) 0.8827
17.57) 0.88327
17.58) 0.88368
17.59) 0.88392
17.6) 0.88399
17.61) 0.88388
17.62) 0.88359
17.63) 0.88311
17.64) 0.88244
17.65) 0.88157
17.66) 0.8805
17.67) 0.87923
17.68) 0.87775
17.69) 0.87605
17.7) 0.87413
17.71) 0.87199
17.72) 0.86962
17.73) 0.86702
17.74) 0.86418
17.75) 0.8611
17.76) 0.85778
17.77) 0.85421
17.78) 0.85038
17.79) 0.8463
17.8) 0.84196
17.81) 0.83735
17.82) 0.83247
17.83) 0.82732
17.84) 0.8219
17.85) 0.8162
17.86) 0.81022
17.87) 0.80396
17.88) 0.79741
17.89) 0.79057
17.92) 0.78344
17.91) 0.77602
17.92) 0.7683
17.93) 0.76029
17.94) 0.75198
17.95) 0.74337
17.96) 0.73446
17.97) 0.72525
17.98) 0.71574
17.99) 0.70593
18.0) 0.69582
18.01) 0.68541
18.02) 0.6747
18.03) 0.66369
18.04) 0.65238
18.05) 0.64078
18.06) 0.62888
18.07) 0.61669
18.08) 0.60421
18.09) 0.59145
18.1) 0.5784
18.11) 0.56507
18.12) 0.55147
18.13) 0.5376
18.14) 0.52346
18.15) 0.50906
18.16) 0.4944
18.17) 0.47949
18.18) 0.46433
18.19) 0.44893
18.2) 0.43329
18.21) 0.41742
18.22) 0.40133
18.23) 0.38503
18.24) 0.36852
18.25) 0.35181
18.26) 0.33491
18.27) 0.31783
18.28) 0.30057
18.29) 0.28315
18.3) 0.26557
18.31) 0.24784
18.32) 0.22997
18.33) 0.21197
18.34) 0.19385
18.35) 0.17562
18.36) 0.15729
18.37) 0.13888
18.38) 0.12039
18.39) 0.10183
18.42) 0.08321
18.41) 0.06454
18.42) 0.04583
18.43) 0.0271
18.44) 0.00835
18.45) -0.0104
18.46) -0.02915
18.47) -0.04788
18.48) -0.06658
18.49) -0.08524
18.5) -0.10385
18.51) -0.12241
18.52) -0.1409
18.53) -0.1593
18.54) -0.17761
18.55) -0.19582
18.56) -0.21392
18.57) -0.2319
18.58) -0.24975
18.59) -0.26746
18.6) -0.28502
18.61) -0.30242
18.62) -0.31966
18.63) -0.33672
18.64) -0.3536
18.65) -0.37029
18.66) -0.38678
18.67) -0.40306
18.68) -0.41912
18.69) -0.43496
18.7) -0.45057
18.71) -0.46595
18.72) -0.48108
18.73) -0.49597
18.74) -0.5106
18.75) -0.52497
18.76) -0.53908
18.77) -0.55292
18.78) -0.56649
18.79) -0.57978
18.8) -0.59279
18.81) -0.60552
18.82) -0.61796
18.83) -0.63012
18.84) -0.64198
18.85) -0.65355
18.86) -0.66482
18.87) -0.6758
18.88) -0.68648
18.89) -0.69686
18.92) -0.70694
18.91) -0.71672
18.92) -0.7262
18.93) -0.73538
18.94) -0.74426
18.95) -0.75284
18.96) -0.76112
18.97) -0.7691
18.98) -0.77679
18.99) -0.78418
19.0) -0.79128
19.01) -0.79809
19.02) -0.80461
19.03) -0.81084
19.04) -0.81679
19.05) -0.82246
19.06) -0.82785
19.07) -0.83297
19.08) -0.83782
19.09) -0.8424
19.1) -0.84671
19.11) -0.85076
19.12) -0.85456
19.13) -0.8581
19.14) -0.8614
19.15) -0.86445
19.16) -0.86726
19.17) -0.86983
19.18) -0.87217
19.19) -0.87428
19.2) -0.87617
19.21) -0.87784
19.22) -0.8793
19.23) -0.88055
19.24) -0.88159
19.25) -0.88243
19.26) -0.88308
19.27) -0.88354
19.28) -0.88381
19.29) -0.8839
19.3) -0.88381
19.31) -0.88355
19.32) -0.88312
19.33) -0.88253
19.34) -0.88178
19.35) -0.88088
19.36) -0.87983
19.37) -0.87864
19.38) -0.87731
19.39) -0.87584
19.42) -0.87424
19.41) -0.87251
19.42) -0.87066
19.43) -0.86869
19.44) -0.86661
19.45) -0.86442
19.46) -0.86212
19.47) -0.85972
19.48) -0.85723
19.49) -0.85464
19.5) -0.85196
19.51) -0.8492
19.52) -0.84636
19.53) -0.84344
19.54) -0.84045
19.55) -0.83739
19.56) -0.83426
19.57) -0.83106
19.58) -0.8278
19.59) -0.82449
19.6) -0.82112
19.61) -0.8177
19.62) -0.81424
19.63) -0.81073
19.64) -0.80718
19.65) -0.80359
19.66) -0.79997
19.67) -0.79632
19.68) -0.79264
19.69) -0.78893
19.7) -0.7852
19.71) -0.78144
19.72) -0.77766
19.73) -0.77387
19.74) -0.77006
19.75) -0.76624
19.76) -0.76241
19.77) -0.75857
19.78) -0.75473
19.79) -0.75088
19.8) -0.74703
19.81) -0.74318
19.82) -0.73933
19.83) -0.73549
19.84) -0.73165
19.85) -0.72782
19.86) -0.724
19.87) -0.72019
19.88) -0.71639
19.89) -0.71261
19.92) -0.70884
19.91) -0.70509
19.92) -0.70136
19.93) -0.69765
19.94) -0.69396
19.95) -0.69029
19.96) -0.68665
19.97) -0.68303
19.98) -0.67944
19.99) -0.67587
20.0) -0.67233
