0.0) 0.0
0.01) -0.01875
0.02) -0.03749
0.03) -0.05621
0.04) -0.07489
0.05) -0.09353
0.06) -0.11212
0.07) -0.13064
0.08) -0.14909
0.09) -0.16745
0.1) -0.18572
0.11) -0.20388
0.12) -0.22193
0.13) -0.23985
0.14) -0.25764
0.15) -0.27528
0.16) -0.29277
0.17) -0.3101
0.18) -0.32726
0.19) -0.34424
0.2) -0.36103
0.21) -0.37763
0.22) -0.39402
0.23) -0.4102
0.24) -0.42616
0.25) -0.4419
0.26) -0.45741
0.27) -0.47268
0.28) -0.4877
0.29) -0.50247
0.3) -0.51699
0.31) -0.53125
0.32) -0.54524
0.33) -0.55896
0.34) -0.57241
0.3503) -0.58558
0.36) -0.59847
0.37) -0.61107
0.38) -0.62339
0.39) -0.63542
0.4) -0.64715
0.4103) -0.65859
0.42) -0.66973
0.43) -0.68057
0.44) -0.69111
0.45) -0.70136
0.46) -0.7113
0.4703) -0.72094
0.48) -0.73028
0.49) -0.73932
0.5) -0.74806
0.51) -0.7565
0.52) -0.76465
0.53) -0.7725
0.54) -0.78005
0.55) -0.78731
0.56) -0.79428
0.571) -0.80096
0.58) -0.80735
0.59) -0.81346
0.6) -0.81929
0.61) -0.82484
0.62) -0.83011
0.63) -0.83511
0.64) -0.83984
0.65) -0.8443
0.66) -0.8485
0.67) -0.85244
0.68) -0.85613
0.691) -0.85956
0.701) -0.86275
0.71) -0.86569
0.72) -0.8684
0.73) -0.87087
0.74) -0.87311
0.75) -0.87513
0.76) -0.87692
0.77) -0.8785
0.78) -0.87987
0.79) -0.88103
0.8) -0.88199
0.81) -0.88275
0.821) -0.88331
0.831) -0.88369
0.84) -0.88388
0.85) -0.88389
0.86) -0.88373
0.87) -0.8834
0.88) -0.8829
0.89) -0.88224
0.9) -0.88142
0.91) -0.88045
0.92) -0.87934
0.93) -0.87808
0.941) -0.87669
0.951) -0.87516
0.96) -0.8735
0.97) -0.87172
0.98) -0.86982
0.99) -0.8678
1.0) -0.86567
1.01) -0.86343
1.02) -0.86109
1.03) -0.85865
1.04) -0.85611
1.05) -0.85348
1.06) -0.85077
1.07) -0.84797
1.08) -0.84509
1.09) -0.84214
1.1) -0.83911
1.11) -0.83601
1.12) -0.83285
1.131) -0.82963
1.141) -0.82635
1.151) -0.82301
1.16) -0.81962
1.17) -0.81618
1.18) -0.8127
1.19) -0.80917
1.2) -0.8056
1.21) -0.802
1.22) -0.79836
1.23) -0.79469
1.24) -0.79099
1.25) -0.78727
1.26) -0.78352
1.27) -0.77975
1.28) -0.77597
1.29) -0.77217
1.3) -0.76836
1.31) -0.76454
1.32) -0.76071
1.33) -0.75687
1.34) -0.75302
1.35) -0.74917
1.36) -0.74532
1.37) -0.74147
1.381) -0.73763
1.391) -0.73379
1.401) -0.72996
1.41) -0.72614
1.42) -0.72233
1.43) -0.71853
1.44) -0.71474
1.45) -0.71096
1.46) -0.7072
1.47) -0.70346
1.48) -0.69974
1.49) -0.69604
1.5) -0.69236
1.51) -0.6887
1.52) -0.68507
1.53) -0.68146
1.54) -0.67788
1.55) -0.67433
1.56) -0.6708
1.57) -0.6673
1.58) -0.66383
1.59) -0.6604
1.6) -0.657
1.61) -0.65363
1.62) -0.6503
1.631) -0.647
1.641) -0.64374
1.651) -0.64051
1.661) -0.63732
1.67) -0.63417
1.68) -0.63106
1.69) -0.62799
1.7) -0.62496
1.71) -0.62197
1.72) -0.61902
1.73) -0.61611
1.74) -0.61324
1.75) -0.61042
1.76) -0.60764
1.77) -0.60491
1.78) -0.60222
1.79) -0.59957
1.8) -0.59697
1.81) -0.59442
1.82) -0.59191
1.83) -0.58945
1.84) -0.58704
1.85) -0.58467
1.86) -0.58235
1.87) -0.58008
1.881) -0.57786
1.891) -0.57568
1.901) -0.57355
1.911) -0.57147
1.92) -0.56944
1.93) -0.56746
1.94) -0.56553
1.95) -0.56365
1.96) -0.56182
1.97) -0.56004
1.98) -0.55831
1.99) -0.55663
2.0) -0.555
2.012) -0.55342
2.02) -0.55189
2.032) -0.55042
2.04) -0.549
2.05) -0.54763
2.06) -0.54631
2.07) -0.54504
2.08) -0.54382
2.09) -0.54266
2.1) -0.54155
2.11) -0.54049
2.12) -0.53948
2.13) -0.53852
2.14) -0.53762
2.15) -0.53677
2.16) -0.53597
2.17) -0.53522
2.18) -0.53453
2.19) -0.53389
2.2) -0.5333
2.21) -0.53277
2.22) -0.53229
2.23) -0.53186
2.24) -0.53148
2.25) -0.53116
2.262) -0.53089
2.27) -0.53067
2.282) -0.53051
2.29) -0.5304
2.303) -0.53034
2.31) -0.53034
2.32) -0.53039
2.33) -0.53049
2.34) -0.53064
2.35) -0.53085
2.36) -0.53111
2.37) -0.53142
2.38) -0.53179
2.39) -0.53221
2.4) -0.53268
2.41) -0.53321
2.42) -0.53379
2.43) -0.53442
2.44) -0.5351
2.45) -0.53584
2.46) -0.53663
2.47) -0.53747
2.48) -0.53836
2.49) -0.53931
2.5) -0.54031
2.512) -0.54136
2.52) -0.54246
2.532) -0.54362
2.54) -0.54483
2.553) -0.54609
2.56) -0.5474
2.57) -0.54876
2.58) -0.55017
2.59) -0.55164
2.6) -0.55316
2.61) -0.55473
2.62) -0.55635
2.63) -0.55802
2.64) -0.55974
2.65) -0.56151
2.66) -0.56333
2.67) -0.5652
2.68) -0.56712
2.69) -0.56909
2.7) -0.57111
2.71) -0.57318
2.72) -0.5753
2.73) -0.57747
2.74) -0.57969
2.75) -0.58195
2.762) -0.58426
2.77) -0.58662
2.782) -0.58903
2.79) -0.59148
2.803) -0.59398
2.81) -0.59653
2.82) -0.59912
2.83) -0.60176
2.84) -0.60444
2.85) -0.60717
2.86) -0.60994
2.87) -0.61275
2.88) -0.61561
2.89) -0.61851
2.9) -0.62145
2.91) -0.62443
2.92) -0.62745
2.93) -0.63051
2.94) -0.63361
2.95) -0.63675
2.96) -0.63993
2.97) -0.64315
2.98) -0.64641
2.99) -0.6497
3.0) -0.65303
3.012) -0.65639
3.02) -0.65979
3.032) -0.66322
3.04) -0.66668
3.053) -0.67017
3.06) -0.67369
3.073) -0.67724
3.08) -0.68082
3.09) -0.68442
3.1) -0.68805
3.11) -0.6917
3.12) -0.69538
3.13) -0.69908
3.14) -0.7028
3.15) -0.70654
3.16) -0.7103
3.17) -0.71407
3.18) -0.71786
3.19) -0.72166
3.2) -0.72547
3.21) -0.72929
3.22) -0.73312
3.23) -0.73696
3.24) -0.7408
3.25) -0.74465
3.262) -0.7485
3.27) -0.75235
3.282) -0.7562
3.29) -0.76004
3.303) -0.76388
3.31) -0.76771
3.323) -0.77153
3.33) -0.77533
3.34) -0.77912
3.35) -0.78289
3.36) -0.78664
3.37) -0.79037
3.38) -0.79407
3.39) -0.79774
3.4) -0.80138
3.41) -0.80499
3.42) -0.80856
3.43) -0.81209
3.44) -0.81558
3.45) -0.81903
3.46) -0.82243
3.47) -0.82578
3.48) -0.82907
3.49) -0.8323
3.5) -0.83547
3.512) -0.83858
3.52) -0.84162
3.532) -0.84459
3.54) -0.84748
3.553) -0.85029
3.56) -0.85302
3.573) -0.85566
3.58) -0.85821
3.59) -0.86067
3.6) -0.86303
3.61) -0.86529
3.62) -0.86744
3.63) -0.86948
3.64) -0.8714
3.65) -0.8732
3.66) -0.87488
3.67) -0.87643
3.68) -0.87785
3.69) -0.87913
3.7) -0.88027
3.71) -0.88126
3.72) -0.8821
3.73) -0.88279
3.74) -0.88332
3.75) -0.88368
3.762) -0.88387
3.77) -0.88389
3.782) -0.88373
3.79) -0.88339
3.803) -0.88286
3.81) -0.88214
3.823) -0.88122
3.83) -0.8801
3.84) -0.87877
3.85) -0.87723
3.86) -0.87547
3.87) -0.87349
3.88) -0.87129
3.89) -0.86886
3.9) -0.8662
3.91) -0.8633
3.92) -0.86016
3.93) -0.85677
3.94) -0.85313
3.95) -0.84923
3.96) -0.84508
3.97) -0.84066
3.98) -0.83598
3.99) -0.83103
4.0) -0.82581
4.01) -0.82031
4.025) -0.81453
4.03) -0.80847
4.04) -0.80213
4.05) -0.7955
4.065) -0.78858
4.07) -0.78137
4.08) -0.77387
4.09) -0.76607
4.1) -0.75797
4.11) -0.74958
4.12) -0.74089
4.13) -0.7319
4.14) -0.72261
4.15) -0.71302
4.16) -0.70313
4.17) -0.69294
4.18) -0.68245
4.19) -0.67166
4.2) -0.66057
4.21) -0.64918
4.22) -0.6375
4.23) -0.62553
4.24) -0.61326
4.25) -0.60071
4.26) -0.58787
4.275) -0.57475
4.28) -0.56135
4.29) -0.54768
4.3) -0.53373
4.315) -0.51952
4.32) -0.50505
4.33) -0.49032
4.34) -0.47534
4.355) -0.46011
4.36) -0.44464
4.37) -0.42894
4.38) -0.41301
4.39) -0.39686
4.4) -0.3805
4.41) -0.36394
4.42) -0.34718
4.43) -0.33023
4.44) -0.3131
4.45) -0.2958
4.46) -0.27833
4.47) -0.26071
4.48) -0.24294
4.49) -0.22504
4.5) -0.20701
4.51) -0.18886
4.525) -0.17061
4.53) -0.15226
4.54) -0.13382
4.55) -0.11531
4.565) -0.09673
4.57) -0.0781
4.58) -0.05942
4.59) -0.04071
4.605) -0.02197
4.61) -0.00322
4.62) 0.01553
4.63) 0.03427
4.64) 0.05299
4.65) 0.07168
4.66) 0.09033
4.67) 0.10893
4.68) 0.12747
4.69) 0.14593
4.7) 0.16431
4.71) 0.1826
4.72) 0.20078
4.73) 0.21885
4.74) 0.2368
4.75) 0.25461
4.76) 0.27228
4.775) 0.2898
4.78) 0.30716
4.79) 0.32435
4.8) 0.34136
4.815) 0.35819
4.82) 0.37482
4.83) 0.39125
4.84) 0.40747
4.855) 0.42347
4.86) 0.43925
4.87) 0.4548
4.88) 0.47011
4.89) 0.48518
4.9) 0.5
4.91) 0.51456
4.92) 0.52886
4.93) 0.5429
4.94) 0.55667
4.95) 0.57017
4.96) 0.58339
4.97) 0.59633
4.98) 0.60898
4.99) 0.62135
5.0) 0.63343
5.01) 0.64521
5.025) 0.6567
5.03) 0.66789
5.04) 0.67879
5.05) 0.68939
5.065) 0.69969
5.07) 0.70969
5.08) 0.71939
5.09) 0.72879
5.105) 0.73789
5.11) 0.74669
5.12) 0.75519
5.13) 0.76339
5.14) 0.77129
5.15) 0.7789
5.16) 0.78621
5.17) 0.79323
5.18) 0.79996
5.19) 0.8064
5.2) 0.81256
5.21) 0.81843
5.22) 0.82402
5.23) 0.82934
5.24) 0.83438
5.25) 0.83915
5.26) 0.84366
5.275) 0.8479
5.28) 0.85188
5.29) 0.85561
5.3) 0.85909
5.315) 0.86232
5.32) 0.86531
5.33) 0.86806
5.34) 0.87057
5.355) 0.87285
5.36) 0.8749
5.37) 0.87673
5.38) 0.87834
5.39) 0.87974
5.4) 0.88093
5.41) 0.88192
5.42) 0.88271
5.43) 0.88331
5.44) 0.88372
5.45) 0.88394
5.46) 0.88398
5.47) 0.88385
5.48) 0.88354
5.49) 0.88307
5.5) 0.88244
5.51) 0.88165
5.525) 0.88071
5.53) 0.87962
5.54) 0.87839
5.55) 0.87702
5.565) 0.87551
5.57) 0.87387
5.58) 0.87211
5.59) 0.87023
5.605) 0.86823
5.61) 0.86612
5.62) 0.8639
5.63) 0.86158
5.64) 0.85916
5.65) 0.85664
5.66) 0.85403
5.67) 0.85133
5.68) 0.84855
5.69) 0.84569
5.7) 0.84275
5.71) 0.83974
5.72) 0.83666
5.73) 0.83351
5.74) 0.8303
5.75) 0.82703
5.76) 0.8237
5.775) 0.82032
5.78) 0.81689
5.79) 0.81341
5.8) 0.80989
5.815) 0.80633
5.82) 0.80273
5.83) 0.7991
5.84) 0.79544
5.855) 0.79175
5.86) 0.78803
5.87) 0.78429
5.88) 0.78053
5.89) 0.77675
5.9) 0.77295
5.91) 0.76914
5.92) 0.76532
5.93) 0.76149
5.94) 0.75765
5.95) 0.75381
5.96) 0.74996
5.97) 0.74611
5.98) 0.74226
5.99) 0.73841
6.0) 0.73457
6.01) 0.73074
6.025) 0.72691
6.03) 0.72309
6.04) 0.71928
6.05) 0.71549
6.065) 0.71171
6.07) 0.70795
6.08) 0.70421
6.09) 0.70048
6.105) 0.69677
6.11) 0.69309
6.12) 0.68943
6.13) 0.68579
6.14) 0.68218
6.15) 0.67859
6.16) 0.67503
6.17) 0.6715
6.18) 0.668
6.19) 0.66453
6.2) 0.66109
6.21) 0.65768
6.22) 0.65431
6.23) 0.65097
6.24) 0.64767
6.25) 0.6444
6.26) 0.64117
6.275) 0.63798
6.28) 0.63482
6.29) 0.6317
6.3) 0.62862
6.315) 0.62558
6.32) 0.62258
6.33) 0.61962
6.34) 0.61671
6.355) 0.61384
6.36) 0.61101
6.37) 0.60822
6.38) 0.60548
6.39) 0.60278
6.4) 0.60013
6.41) 0.59752
6.42) 0.59496
6.43) 0.59244
6.44) 0.58997
6.45) 0.58755
6.46) 0.58517
6.47) 0.58284
6.48) 0.58056
6.49) 0.57833
6.5) 0.57615
6.51) 0.57401
6.525) 0.57192
6.53) 0.56988
6.54) 0.56789
6.55) 0.56595
6.565) 0.56406
6.57) 0.56222
6.58) 0.56043
6.59) 0.55869
6.605) 0.557
6.61) 0.55536
6.62) 0.55378
6.63) 0.55225
6.64) 0.55077
6.65) 0.54934
6.66) 0.54796
6.67) 0.54663
6.68) 0.54535
6.69) 0.54413
6.7) 0.54296
6.71) 0.54184
6.72) 0.54077
6.73) 0.53975
6.74) 0.53879
6.75) 0.53788
6.76) 0.53702
6.775) 0.53621
6.78) 0.53546
6.79) 0.53476
6.8) 0.53411
6.815) 0.53352
6.82) 0.53298
6.83) 0.53249
6.84) 0.53205
6.855) 0.53167
6.86) 0.53134
6.87) 0.53106
6.88) 0.53084
6.89) 0.53067
6.9) 0.53055
6.91) 0.53048
6.92) 0.53047
6.93) 0.53051
6.94) 0.5306
6.95) 0.53075
6.96) 0.53095
6.97) 0.5312
6.98) 0.53151
6.99) 0.53187
7.0) 0.53228
7.01) 0.53274
7.025) 0.53326
7.03) 0.53383
7.04) 0.53445
7.05) 0.53513
7.065) 0.53586
7.07) 0.53664
7.08) 0.53747
7.09) 0.53836
7.105) 0.5393
7.11) 0.54029
7.12) 0.54133
7.13) 0.54243
7.14) 0.54358
7.15) 0.54478
7.16) 0.54603
7.17) 0.54733
7.18) 0.54869
7.19) 0.5501
7.2) 0.55156
7.21) 0.55307
7.22) 0.55463
7.23) 0.55624
7.24) 0.5579
7.25) 0.55961
7.26) 0.56137
7.275) 0.56318
7.28) 0.56505
7.29) 0.56696
7.3) 0.56892
7.315) 0.57093
7.32) 0.57299
7.33) 0.5751
7.34) 0.57726
7.355) 0.57947
7.36) 0.58173
7.37) 0.58404
7.38) 0.58639
7.39) 0.58879
7.4) 0.59124
7.41) 0.59373
7.42) 0.59627
7.43) 0.59886
7.44) 0.60149
7.45) 0.60417
7.46) 0.60689
7.47) 0.60966
7.48) 0.61247
7.49) 0.61532
7.5) 0.61821
7.51) 0.62115
7.525) 0.62413
7.53) 0.62715
7.54) 0.63021
7.55) 0.63331
7.565) 0.63645
7.57) 0.63963
7.58) 0.64284
7.59) 0.64609
7.605) 0.64938
7.61) 0.6527
7.62) 0.65606
7.63) 0.65945
7.64) 0.66287
7.65) 0.66633
7.66) 0.66982
7.67) 0.67334
7.68) 0.67689
7.69) 0.68046
7.7) 0.68406
7.71) 0.68769
7.72) 0.69134
7.73) 0.69501
7.74) 0.69871
7.75) 0.70243
7.76) 0.70617
7.775) 0.70992
7.78) 0.71369
7.79) 0.71748
7.8) 0.72128
7.815) 0.72509
7.82) 0.72891
7.83) 0.73274
7.84) 0.73658
7.855) 0.74042
7.86) 0.74427
7.87) 0.74812
7.88) 0.75197
7.89) 0.75582
7.9) 0.75966
7.91) 0.7635
7.92) 0.76733
7.93) 0.77115
7.94) 0.77495
7.95) 0.77874
7.96) 0.78251
7.97) 0.78626
7.98) 0.78999
7.99) 0.79369
8.0) 0.79737
8.01) 0.80102
8.02) 0.80463
8.03) 0.80821
8.04) 0.81175
8.05) 0.81525
8.06) 0.8187
8.07) 0.8221
8.08) 0.82545
8.09) 0.82875
8.1) 0.83199
8.11) 0.83517
8.12) 0.83828
8.13) 0.84133
8.14) 0.84431
8.15) 0.84721
8.16) 0.85003
8.17) 0.85277
8.18) 0.85542
8.19) 0.85798
8.2) 0.86045
8.21) 0.86282
8.22) 0.86509
8.23) 0.86725
8.24) 0.8693
8.25) 0.87124
8.26) 0.87306
8.27) 0.87475
8.28) 0.87632
8.29) 0.87775
8.3) 0.87905
8.31) 0.88021
8.32) 0.88122
8.33) 0.88208
8.34) 0.88279
8.35) 0.88334
8.36) 0.88372
8.37) 0.88393
8.38) 0.88397
8.39) 0.88383
8.4) 0.88351
8.41) 0.883
8.42) 0.8823
8.43) 0.8814
8.44) 0.8803
8.45) 0.87899
8.46) 0.87747
8.47) 0.87574
8.48) 0.87379
8.49) 0.87161
8.5) 0.86921
8.51) 0.86657
8.52) 0.8637
8.53) 0.86058
8.54) 0.85722
8.55) 0.85361
8.56) 0.84974
8.57) 0.84562
8.58) 0.84123
8.59) 0.83658
8.6) 0.83166
8.61) 0.82647
8.62) 0.821
8.63) 0.81526
8.64) 0.80923
8.65) 0.80292
8.66) 0.79632
8.67) 0.78943
8.68) 0.78225
8.69) 0.77478
8.71) 0.76702
8.71) 0.75896
8.72) 0.7506
8.73) 0.74194
8.74) 0.73298
8.75) 0.72372
8.76) 0.71416
8.77) 0.7043
8.78) 0.69414
8.79) 0.68368
8.8) 0.67292
8.81) 0.66186
8.82) 0.65051
8.83) 0.63886
8.84) 0.62692
8.85) 0.61469
8.86) 0.60217
8.87) 0.58936
8.88) 0.57627
8.89) 0.5629
8.9) 0.54926
8.91) 0.53534
8.92) 0.52116
8.93) 0.50672
8.94) 0.49202
8.95) 0.47707
8.96) 0.46187
8.97) 0.44643
8.98) 0.43076
8.99) 0.41486
9.0) 0.39874
9.01) 0.38241
9.02) 0.36587
9.03) 0.34913
9.04) 0.3322
9.05) 0.31509
9.06) 0.29781
9.07) 0.28036
9.08) 0.26276
9.09) 0.24501
9.1) 0.22712
9.11) 0.2091
9.12) 0.19097
9.13) 0.17273
9.14) 0.15439
9.15) 0.13596
9.16) 0.11745
9.17) 0.09888
9.18) 0.08025
9.19) 0.06157
9.21) 0.04286
9.21) 0.02412
9.22) 0.00537
9.23) -0.01338
9.24) -0.03212
9.25) -0.05085
9.26) -0.06955
9.27) -0.08821
9.28) -0.10682
9.29) -0.12537
9.3) -0.14384
9.31) -0.16223
9.32) -0.18053
9.33) -0.19873
9.34) -0.21681
9.35) -0.23477
9.36) -0.2526
9.37) -0.27029
9.38) -0.28783
9.39) -0.30521
9.4) -0.32242
9.41) -0.33945
9.42) -0.3563
9.43) -0.37295
9.44) -0.3894
9.45) -0.40564
9.46) -0.42167
9.47) -0.43747
9.48) -0.45304
9.49) -0.46838
9.5) -0.48347
9.51) -0.49832
9.52) -0.51291
9.53) -0.52724
9.54) -0.54131
9.55) -0.55511
9.56) -0.56864
9.57) -0.58189
9.58) -0.59486
9.59) -0.60755
9.6) -0.61995
9.61) -0.63206
9.62) -0.64388
9.63) -0.6554
9.64) -0.66663
9.65) -0.67756
9.66) -0.68819
9.67) -0.69852
9.68) -0.70855
9.69) -0.71828
9.71) -0.72771
9.71) -0.73684
9.72) -0.74567
9.73) -0.7542
9.74) -0.76243
9.75) -0.77036
9.76) -0.778
9.77) -0.78535
9.78) -0.7924
9.79) -0.79916
9.8) -0.80563
9.81) -0.81182
9.82) -0.81773
9.83) -0.82336
9.84) -0.82871
9.85) -0.83379
9.86) -0.83859
9.87) -0.84313
9.88) -0.8474
9.89) -0.85141
9.9) -0.85517
9.91) -0.85868
9.92) -0.86194
9.93) -0.86495
9.94) -0.86772
9.95) -0.87026
9.96) -0.87257
9.97) -0.87465
9.98) -0.87651
9.99) -0.87815
10.0) -0.87958
10.01) -0.8808
10.02) -0.88181
10.03) -0.88262
10.04) -0.88324
10.05) -0.88367
10.06) -0.88391
10.07) -0.88397
10.08) -0.88386
10.09) -0.88358
10.1) -0.88313
10.11) -0.88252
10.12) -0.88175
10.13) -0.88083
10.14) -0.87976
10.15) -0.87854
10.16) -0.87718
10.17) -0.87569
10.18) -0.87407
10.19) -0.87232
10.21) -0.87045
10.21) -0.86847
10.22) -0.86637
10.23) -0.86416
10.24) -0.86185
10.25) -0.85944
10.26) -0.85693
10.27) -0.85433
10.28) -0.85164
10.29) -0.84887
10.3) -0.84602
10.31) -0.84309
10.32) -0.84008
10.33) -0.837
10.34) -0.83386
10.35) -0.83066
10.36) -0.8274
10.37) -0.82408
10.38) -0.82071
10.39) -0.81729
10.4) -0.81382
10.41) -0.81031
10.42) -0.80676
10.43) -0.80317
10.44) -0.79954
10.45) -0.79588
10.46) -0.79219
10.47) -0.78848
10.48) -0.78474
10.49) -0.78098
10.5) -0.7772
10.51) -0.7734
10.52) -0.76959
10.53) -0.76577
10.54) -0.76194
10.55) -0.7581
10.56) -0.75426
10.57) -0.75041
10.58) -0.74656
10.59) -0.74271
10.6) -0.73886
10.61) -0.73502
10.62) -0.73118
10.63) -0.72735
10.64) -0.72353
10.65) -0.71972
10.66) -0.71593
10.67) -0.71215
10.68) -0.70839
10.69) -0.70464
10.71) -0.70091
10.71) -0.6972
10.72) -0.69351
10.73) -0.68985
10.74) -0.68621
10.75) -0.68259
10.76) -0.679
10.77) -0.67544
10.78) -0.67191
10.79) -0.66841
10.8) -0.66494
10.81) -0.6615
10.82) -0.65809
10.83) -0.65471
10.84) -0.65137
10.85) -0.64806
10.86) -0.64479
10.87) -0.64155
10.88) -0.63835
10.89) -0.63519
10.9) -0.63207
10.91) -0.62899
10.92) -0.62595
10.93) -0.62295
10.94) -0.61999
10.95) -0.61707
10.96) -0.61419
10.97) -0.61136
10.98) -0.60857
10.99) -0.60582
11.0) -0.60312
11.01) -0.60046
11.02) -0.59785
11.03) -0.59528
11.04) -0.59276
11.05) -0.59029
11.06) -0.58786
11.07) -0.58548
11.08) -0.58315
11.09) -0.58086
11.1) -0.57862
11.11) -0.57643
11.12) -0.57429
11.13) -0.5722
11.14) -0.57016
11.15) -0.56817
11.16) -0.56623
11.17) -0.56434
11.18) -0.5625
11.19) -0.56071
11.21) -0.55897
11.21) -0.55728
11.22) -0.55564
11.23) -0.55405
11.24) -0.55251
11.25) -0.55102
11.26) -0.54958
11.27) -0.54819
11.28) -0.54686
11.29) -0.54558
11.3) -0.54435
11.31) -0.54317
11.32) -0.54204
11.33) -0.54097
11.34) -0.53995
11.35) -0.53898
11.36) -0.53806
11.37) -0.5372
11.38) -0.53639
11.39) -0.53563
11.4) -0.53492
11.41) -0.53427
11.42) -0.53367
11.43) -0.53312
11.44) -0.53262
11.45) -0.53218
11.46) -0.53179
11.47) -0.53145
11.48) -0.53117
11.49) -0.53094
11.5) -0.53076
11.51) -0.53064
11.52) -0.53057
11.53) -0.53055
11.54) -0.53058
11.55) -0.53067
11.56) -0.53081
11.57) -0.531
11.58) -0.53125
11.59) -0.53155
11.6) -0.5319
11.61) -0.53231
11.62) -0.53277
11.63) -0.53328
11.64) -0.53384
11.65) -0.53446
11.66) -0.53513
11.67) -0.53585
11.68) -0.53663
11.69) -0.53746
11.71) -0.53834
11.71) -0.53927
11.72) -0.54026
11.73) -0.5413
11.74) -0.54239
11.75) -0.54353
11.76) -0.54472
11.77) -0.54597
11.78) -0.54727
11.79) -0.54862
11.8) -0.55002
11.81) -0.55147
11.82) -0.55297
11.83) -0.55453
11.84) -0.55614
11.85) -0.5578
11.86) -0.55951
11.87) -0.56127
11.88) -0.56308
11.89) -0.56494
11.9) -0.56685
11.91) -0.56881
11.92) -0.57082
11.93) -0.57288
11.94) -0.57499
11.95) -0.57715
11.96) -0.57935
11.97) -0.5816
11.98) -0.5839
11.99) -0.58625
12.0) -0.58865
12.01) -0.59109
12.02) -0.59358
12.03) -0.59612
12.04) -0.5987
12.05) -0.60133
12.06) -0.604
12.07) -0.60672
12.08) -0.60948
12.09) -0.61228
12.1) -0.61513
12.11) -0.61802
12.12) -0.62095
12.13) -0.62392
12.14) -0.62694
12.15) -0.63
12.16) -0.6331
12.17) -0.63623
12.18) -0.6394
12.19) -0.64261
12.21) -0.64586
12.21) -0.64914
12.22) -0.65246
12.23) -0.65581
12.24) -0.6592
12.25) -0.66262
12.26) -0.66607
12.27) -0.66955
12.28) -0.67306
12.29) -0.6766
12.3) -0.68017
12.31) -0.68377
12.32) -0.68739
12.33) -0.69104
12.34) -0.69471
12.35) -0.6984
12.36) -0.70211
12.37) -0.70584
12.38) -0.70959
12.39) -0.71336
12.4) -0.71714
12.41) -0.72094
12.42) -0.72475
12.43) -0.72857
12.44) -0.7324
12.45) -0.73624
12.46) -0.74008
12.47) -0.74393
12.48) -0.74778
12.49) -0.75163
12.5) -0.75548
12.51) -0.75932
12.52) -0.76316
12.53) -0.76699
12.54) -0.77081
12.55) -0.77462
12.56) -0.77841
12.57) -0.78218
12.58) -0.78593
12.59) -0.78966
12.6) -0.79337
12.61) -0.79705
12.62) -0.8007
12.63) -0.80432
12.64) -0.8079
12.65) -0.81144
12.66) -0.81494
12.67) -0.8184
12.68) -0.82181
12.69) -0.82517
12.71) -0.82847
12.71) -0.83172
12.72) -0.83491
12.73) -0.83803
12.74) -0.84108
12.75) -0.84406
12.76) -0.84697
12.77) -0.8498
12.78) -0.85255
12.79) -0.85521
12.8) -0.85778
12.81) -0.86026
12.82) -0.86264
12.83) -0.86492
12.84) -0.86709
12.85) -0.86915
12.86) -0.8711
12.87) -0.87293
12.88) -0.87464
12.89) -0.87622
12.9) -0.87767
12.91) -0.87898
12.92) -0.88015
12.93) -0.88118
12.94) -0.88206
12.95) -0.88278
12.96) -0.88334
12.97) -0.88374
12.98) -0.88397
12.99) -0.88403
13.0) -0.88391
13.01) -0.88361
13.02) -0.88312
13.03) -0.88244
13.04) -0.88156
13.05) -0.88048
13.06) -0.8792
13.07) -0.87771
13.08) -0.876
13.09) -0.87407
13.1) -0.87192
13.11) -0.86954
13.12) -0.86693
13.13) -0.86408
13.14) -0.86099
13.15) -0.85765
13.16) -0.85406
13.17) -0.85022
13.18) -0.84612
13.19) -0.84176
13.21) -0.83714
13.21) -0.83225
13.22) -0.82709
13.23) -0.82165
13.24) -0.81593
13.25) -0.80993
13.26) -0.80365
13.27) -0.79708
13.28) -0.79022
13.29) -0.78307
13.3) -0.77563
13.31) -0.76789
13.32) -0.75986
13.33) -0.75153
13.34) -0.7429
13.35) -0.73397
13.36) -0.72474
13.37) -0.71521
13.38) -0.70538
13.39) -0.69525
13.4) -0.68482
13.41) -0.67409
13.42) -0.66306
13.43) -0.65174
13.44) -0.64012
13.45) -0.62821
13.46) -0.61601
13.47) -0.60352
13.48) -0.59074
13.49) -0.57768
13.5) -0.56434
13.51) -0.55072
13.52) -0.53683
13.53) -0.52267
13.54) -0.50825
13.55) -0.49357
13.56) -0.47864
13.57) -0.46346
13.58) -0.44804
13.59) -0.43239
13.6) -0.41651
13.61) -0.40041
13.62) -0.3841
13.63) -0.36758
13.64) -0.35086
13.65) -0.33395
13.66) -0.31686
13.67) -0.29959
13.68) -0.28216
13.69) -0.26457
13.71) -0.24683
13.71) -0.22896
13.72) -0.21096
13.73) -0.19284
13.74) -0.17461
13.75) -0.15628
13.76) -0.13786
13.77) -0.11936
13.78) -0.10079
13.79) -0.08217
13.8) -0.0635
13.81) -0.04479
13.82) -0.02606
13.83) -0.00731
13.84) 0.01144
13.85) 0.03019
13.86) 0.04892
13.87) 0.06762
13.88) 0.08628
13.89) 0.10489
13.9) 0.12344
13.91) 0.14192
13.92) 0.16032
13.93) 0.17863
13.94) 0.19684
13.95) 0.21494
13.96) 0.23292
13.97) 0.25076
13.98) 0.26846
13.99) 0.28601
14.0) 0.30341
14.01) 0.32064
14.02) 0.33769
14.03) 0.35456
14.04) 0.37123
14.05) 0.3877
14.06) 0.40397
14.07) 0.42002
14.08) 0.43585
14.09) 0.45145
14.1) 0.46681
14.11) 0.48193
14.12) 0.4968
14.13) 0.51142
14.14) 0.52578
14.15) 0.53988
14.16) 0.55371
14.17) 0.56727
14.18) 0.58055
14.19) 0.59355
14.21) 0.60627
14.21) 0.6187
14.22) 0.63084
14.23) 0.64269
14.24) 0.65424
14.25) 0.6655
14.26) 0.67646
14.27) 0.68712
14.28) 0.69748
14.29) 0.70754
14.3) 0.7173
14.31) 0.72676
14.32) 0.73592
14.33) 0.74478
14.34) 0.75334
14.35) 0.7616
14.36) 0.76956
14.37) 0.77723
14.38) 0.7846
14.39) 0.79168
14.4) 0.79847
14.41) 0.80497
14.42) 0.81119
14.43) 0.81712
14.44) 0.82277
14.45) 0.82815
14.46) 0.83325
14.47) 0.83808
14.48) 0.84264
14.49) 0.84694
14.5) 0.85098
14.51) 0.85476
14.52) 0.85829
14.53) 0.86157
14.54) 0.86461
14.55) 0.86741
14.56) 0.86997
14.57) 0.8723
14.58) 0.8744
14.59) 0.87628
14.6) 0.87794
14.61) 0.87939
14.62) 0.88063
14.63) 0.88166
14.64) 0.88249
14.65) 0.88313
14.66) 0.88358
14.67) 0.88384
14.68) 0.88392
14.69) 0.88382
14.71) 0.88355
14.71) 0.88311
14.72) 0.88251
14.73) 0.88175
14.74) 0.88084
14.75) 0.87978
14.76) 0.87858
14.77) 0.87724
14.78) 0.87576
14.79) 0.87415
14.8) 0.87242
14.81) 0.87056
14.82) 0.86859
14.83) 0.8665
14.84) 0.8643
14.85) 0.862
14.86) 0.8596
14.87) 0.8571
14.88) 0.85451
14.89) 0.85183
14.9) 0.84906
14.91) 0.84621
14.92) 0.84329
14.93) 0.84029
14.94) 0.83722
14.95) 0.83408
14.96) 0.83088
14.97) 0.82762
14.98) 0.8243
14.99) 0.82093
15.0) 0.81751
15.01) 0.81404
15.02) 0.81053
15.03) 0.80698
15.04) 0.80339
15.05) 0.79977
15.06) 0.79611
15.07) 0.79242
15.08) 0.78871
15.09) 0.78497
15.1) 0.78121
15.11) 0.77743
15.12) 0.77364
15.13) 0.76983
15.14) 0.76601
15.15) 0.76218
15.16) 0.75834
15.17) 0.7545
15.18) 0.75065
15.19) 0.7468
15.21) 0.74295
15.21) 0.7391
15.22) 0.73526
15.23) 0.73142
15.24) 0.72759
15.25) 0.72377
15.26) 0.71996
15.27) 0.71616
15.28) 0.71238
15.29) 0.70861
15.3) 0.70486
15.31) 0.70113
15.32) 0.69742
15.33) 0.69373
15.34) 0.69006
15.35) 0.68642
15.36) 0.6828
15.37) 0.67921
15.38) 0.67565
15.39) 0.67211
15.4) 0.6686
15.41) 0.66512
15.42) 0.66167
15.43) 0.65826
15.44) 0.65488
15.45) 0.65153
15.46) 0.64822
15.47) 0.64494
15.48) 0.6417
15.49) 0.6385
15.5) 0.63534
15.51) 0.63221
15.52) 0.62912
15.53) 0.62607
15.54) 0.62306
15.55) 0.62009
15.56) 0.61717
15.57) 0.61429
15.58) 0.61145
15.59) 0.60865
15.6) 0.6059
15.61) 0.60319
15.62) 0.60053
15.63) 0.59791
15.64) 0.59534
15.65) 0.59281
15.66) 0.59033
15.67) 0.5879
15.68) 0.58551
15.69) 0.58317
15.71) 0.58088
15.71) 0.57864
15.72) 0.57645
15.73) 0.5743
15.74) 0.5722
15.75) 0.57015
15.76) 0.56815
15.77) 0.5662
15.78) 0.5643
15.79) 0.56245
15.8) 0.56065
15.81) 0.5589
15.82) 0.5572
15.83) 0.55555
15.84) 0.55395
15.85) 0.5524
15.86) 0.55091
15.87) 0.54947
15.88) 0.54808
15.89) 0.54674
15.9) 0.54545
15.91) 0.54421
15.92) 0.54303
15.93) 0.5419
15.94) 0.54082
15.95) 0.53979
15.96) 0.53881
15.97) 0.53789
15.98) 0.53702
15.99) 0.5362
16.0) 0.53543
16.01) 0.53472
16.02) 0.53406
16.03) 0.53345
16.04) 0.53289
16.05) 0.53239
16.06) 0.53194
16.07) 0.53154
16.08) 0.5312
16.09) 0.53091
16.1) 0.53067
16.11) 0.53049
16.12) 0.53036
16.13) 0.53028
16.14) 0.53025
16.15) 0.53028
16.16) 0.53036
16.17) 0.53049
16.18) 0.53068
16.19) 0.53092
16.2) 0.53121
16.21) 0.53156
16.22) 0.53196
16.23) 0.53241
16.24) 0.53291
16.25) 0.53347
16.26) 0.53408
16.27) 0.53474
16.28) 0.53546
16.29) 0.53623
16.3) 0.53705
16.31) 0.53792
16.32) 0.53885
16.33) 0.53983
16.34) 0.54086
16.35) 0.54194
16.36) 0.54307
16.37) 0.54426
16.38) 0.5455
16.39) 0.54679
16.4) 0.54813
16.41) 0.54952
16.42) 0.55097
16.43) 0.55247
16.44) 0.55402
16.45) 0.55562
16.46) 0.55727
16.47) 0.55897
16.48) 0.56072
16.49) 0.56252
16.5) 0.56437
16.51) 0.56627
16.52) 0.56822
16.53) 0.57022
16.54) 0.57227
16.55) 0.57437
16.56) 0.57652
16.57) 0.57872
16.58) 0.58096
16.59) 0.58325
16.6) 0.58559
16.61) 0.58798
16.62) 0.59041
16.63) 0.59289
16.64) 0.59542
16.65) 0.59799
16.66) 0.60061
16.67) 0.60327
16.68) 0.60598
16.69) 0.60873
16.7) 0.61153
16.71) 0.61437
16.72) 0.61725
16.73) 0.62018
16.74) 0.62315
16.75) 0.62616
16.76) 0.62921
16.77) 0.6323
16.78) 0.63543
16.79) 0.6386
16.8) 0.6418
16.81) 0.64504
16.82) 0.64832
16.83) 0.65163
16.84) 0.65498
16.85) 0.65836
16.86) 0.66177
16.87) 0.66522
16.88) 0.6687
16.89) 0.67221
16.9) 0.67575
16.91) 0.67932
16.92) 0.68291
16.93) 0.68653
16.94) 0.69017
16.95) 0.69384
16.96) 0.69753
16.97) 0.70124
16.98) 0.70497
16.99) 0.70872
17.0) 0.71249
17.01) 0.71627
17.02) 0.72007
17.03) 0.72388
17.04) 0.7277
17.05) 0.73153
17.06) 0.73537
17.07) 0.73921
17.08) 0.74306
17.09) 0.74691
17.1) 0.75076
17.11) 0.75461
17.12) 0.75845
17.13) 0.76229
17.14) 0.76612
17.15) 0.76994
17.16) 0.77375
17.17) 0.77754
17.18) 0.78132
17.19) 0.78508
17.2) 0.78882
17.21) 0.79253
17.22) 0.79621
17.23) 0.79986
17.24) 0.80348
17.25) 0.80707
17.26) 0.81062
17.27) 0.81413
17.28) 0.81759
17.29) 0.82101
17.3) 0.82438
17.31) 0.82769
17.32) 0.83095
17.33) 0.83415
17.34) 0.83728
17.35) 0.84035
17.36) 0.84335
17.37) 0.84627
17.38) 0.84911
17.39) 0.85187
17.42) 0.85455
17.41) 0.85714
17.42) 0.85964
17.43) 0.86204
17.44) 0.86434
17.45) 0.86653
17.46) 0.86861
17.47) 0.87058
17.48) 0.87243
17.49) 0.87416
17.5) 0.87576
17.51) 0.87723
17.52) 0.87857
17.53) 0.87977
17.54) 0.88082
17.55) 0.88172
17.56) 0.88247
17.57) 0.88306
17.58) 0.88349
17.59) 0.88375
17.6) 0.88384
17.61) 0.88375
17.62) 0.88348
17.63) 0.88303
17.64) 0.88239
17.65) 0.88155
17.66) 0.88051
17.67) 0.87927
17.68) 0.87782
17.69) 0.87615
17.7) 0.87426
17.71) 0.87215
17.72) 0.86981
17.73) 0.86724
17.74) 0.86444
17.75) 0.8614
17.76) 0.85811
17.77) 0.85457
17.78) 0.85078
17.79) 0.84673
17.8) 0.84242
17.81) 0.83785
17.82) 0.83301
17.83) 0.8279
17.84) 0.82252
17.85) 0.81686
17.86) 0.81092
17.87) 0.8047
17.88) 0.79819
17.89) 0.79139
17.92) 0.7843
17.91) 0.77692
17.92) 0.76924
17.93) 0.76127
17.94) 0.753
17.95) 0.74443
17.96) 0.73556
17.97) 0.72639
17.98) 0.71692
17.99) 0.70715
18.0) 0.69708
18.01) 0.68671
18.02) 0.67604
18.03) 0.66507
18.04) 0.65381
18.05) 0.64225
18.06) 0.6304
18.07) 0.61826
18.08) 0.60583
18.09) 0.59311
18.1) 0.58011
18.11) 0.56683
18.12) 0.55327
18.13) 0.53944
18.14) 0.52534
18.15) 0.51098
18.16) 0.49636
18.17) 0.48148
18.18) 0.46636
18.19) 0.45099
18.2) 0.43539
18.21) 0.41956
18.22) 0.40351
18.23) 0.38724
18.24) 0.37076
18.25) 0.35408
18.26) 0.33721
18.27) 0.32016
18.28) 0.30293
18.29) 0.28553
18.3) 0.26797
18.31) 0.25027
18.32) 0.23243
18.33) 0.21445
18.34) 0.19635
18.35) 0.17814
18.36) 0.15983
18.37) 0.14143
18.38) 0.12295
18.39) 0.1044
18.42) 0.08579
18.41) 0.06713
18.42) 0.04843
18.43) 0.02971
18.44) 0.01097
18.45) -0.00778
18.46) -0.02652
18.47) -0.04525
18.48) -0.06395
18.49) -0.08262
18.5) -0.10124
18.51) -0.1198
18.52) -0.13829
18.53) -0.1567
18.54) -0.17502
18.55) -0.19324
18.56) -0.21135
18.57) -0.22935
18.58) -0.24722
18.59) -0.26495
18.6) -0.28253
18.61) -0.29995
18.62) -0.31721
18.63) -0.33429
18.64) -0.35119
18.65) -0.3679
18.66) -0.38441
18.67) -0.40071
18.68) -0.4168
18.69) -0.43267
18.7) -0.44831
18.71) -0.46372
18.72) -0.47888
18.73) -0.4938
18.74) -0.50847
18.75) -0.52288
18.76) -0.53703
18.77) -0.55091
18.78) -0.56452
18.79) -0.57785
18.8) -0.5909
18.81) -0.60367
18.82) -0.61615
18.83) -0.62834
18.84) -0.64024
18.85) -0.65185
18.86) -0.66316
18.87) -0.67418
18.88) -0.6849
18.89) -0.69532
18.92) -0.70544
18.91) -0.71526
18.92) -0.72478
18.93) -0.734
18.94) -0.74292
18.95) -0.75154
18.96) -0.75986
18.97) -0.76788
18.98) -0.77561
18.99) -0.78304
19.0) -0.79018
19.01) -0.79703
19.02) -0.80359
19.03) -0.80986
19.04) -0.81585
19.05) -0.82156
19.06) -0.82699
19.07) -0.83215
19.08) -0.83703
19.09) -0.84165
19.1) -0.846
19.11) -0.85009
19.12) -0.85392
19.13) -0.8575
19.14) -0.86083
19.15) -0.86392
19.16) -0.86676
19.17) -0.86937
19.18) -0.87175
19.19) -0.8739
19.2) -0.87582
19.21) -0.87752
19.22) -0.87901
19.23) -0.88029
19.24) -0.88136
19.25) -0.88223
19.26) -0.88291
19.27) -0.88339
19.28) -0.88369
19.29) -0.88381
19.3) -0.88375
19.31) -0.88352
19.32) -0.88312
19.33) -0.88255
19.34) -0.88182
19.35) -0.88094
19.36) -0.87991
19.37) -0.87874
19.38) -0.87743
19.39) -0.87598
19.42) -0.8744
19.41) -0.87269
19.42) -0.87086
19.43) -0.86891
19.44) -0.86685
19.45) -0.86468
19.46) -0.8624
19.47) -0.86002
19.48) -0.85754
19.49) -0.85497
19.5) -0.85231
19.51) -0.84956
19.52) -0.84673
19.53) -0.84382
19.54) -0.84084
19.55) -0.83779
19.56) -0.83467
19.57) -0.83148
19.58) -0.82823
19.59) -0.82493
19.6) -0.82157
19.61) -0.81816
19.62) -0.8147
19.63) -0.8112
19.64) -0.80766
19.65) -0.80408
19.66) -0.80046
19.67) -0.79681
19.68) -0.79313
19.69) -0.78942
19.7) -0.78569
19.71) -0.78194
19.72) -0.77817
19.73) -0.77438
19.74) -0.77057
19.75) -0.76675
19.76) -0.76292
19.77) -0.75908
19.78) -0.75524
19.79) -0.75139
19.8) -0.74754
19.81) -0.74369
19.82) -0.73984
19.83) -0.736
19.84) -0.73216
19.85) -0.72833
19.86) -0.72451
19.87) -0.7207
19.88) -0.7169
19.89) -0.71312
19.92) -0.70935
19.91) -0.7056
19.92) -0.70187
19.93) -0.69816
19.94) -0.69447
19.95) -0.6908
19.96) -0.68715
19.97) -0.68353
19.98) -0.67993
19.99) -0.67636
20.0) -0.67282
