0.0) 0.5
0.1) 0.50187
0.2) 0.5075
0.34) 0.51689
0.4) 0.53007
0.5) 0.54706
0.6) 0.56788
0.7) 0.59255
0.8) 0.62106
0.9) 0.65339
1.0) 0.68947
1.1) 0.72917
1.2) 0.77229
1.3) 0.81853
1.4) 0.86748
1.5) 0.91858
1.6) 0.97113
1.7) 1.02424
1.8) 1.07685
1.9) 1.12773
2.0) 1.17554
2.1) 1.21883
2.2) 1.25617
2.3) 1.28619
2.4) 1.30772
2.5) 1.31988
2.6) 1.32215
2.7) 1.31442
2.8) 1.29702
2.9) 1.27068
3.0) 1.23644
3.1) 1.19559
3.2) 1.14956
3.3) 1.09979
3.4) 1.04769
3.5) 0.99456
3.6) 0.94153
3.7) 0.88957
3.8) 0.83947
3.9) 0.79185
4.0) 0.74719
4.1) 0.70584
4.2) 0.66803
4.3) 0.63393
4.4) 0.60362
4.5) 0.57715
4.6) 0.55453
4.7) 0.53575
4.8) 0.52078
4.9) 0.50961
5.0) 0.50221
5.1) 0.49856
5.2) 0.49866
5.3) 0.5025
5.4) 0.51009
5.5) 0.52145
5.6) 0.53661
5.7) 0.55559
5.8) 0.57841
5.9) 0.60508
6.0) 0.63558
6.1) 0.66987
6.2) 0.70786
6.3) 0.74939
6.4) 0.79421
6.5) 0.84197
6.6) 0.89219
6.7) 0.94424
6.8) 0.99732
6.9) 1.05046
7.0) 1.10251
7.1) 1.15218
7.2) 1.19805
7.3) 1.23868
7.4) 1.27264
7.5) 1.29865
7.6) 1.31567
7.7) 1.32298
7.8) 1.32026
7.9) 1.30762
8.0) 1.2856
8.1) 1.25509
8.2) 1.21728
8.3) 1.17355
8.4) 1.12534
8.5) 1.07411
8.6) 1.02121
8.7) 0.96786
8.8) 0.91512
8.9) 0.86387
9.0) 0.81481
9.1) 0.7685
9.2) 0.72534
9.3) 0.68562
9.4) 0.64954
9.5) 0.61722
9.6) 0.58872
9.7) 0.56407
9.8) 0.54326
9.9) 0.52628
10.0) 0.5131
10.1) 0.5037
10.2) 0.49806
10.3) 0.49616
10.4) 0.498
10.5) 0.50358
10.6) 0.51292
10.7) 0.52604
10.8) 0.54296
10.9) 0.56371
11.0) 0.5883
11.1) 0.61674
11.2) 0.649
11.3) 0.68502
11.4) 0.72468
11.5) 0.76779
11.6) 0.81406
11.7) 0.86308
11.8) 0.91431
11.9) 0.96705
12.0) 1.02042
12.1) 1.07337
12.2) 1.12469
12.3) 1.17302
12.4) 1.21691
12.5) 1.25491
12.6) 1.28565
12.7) 1.30792
12.8) 1.32081
12.9) 1.32377
13.0) 1.31666
13.1) 1.29979
13.2) 1.27386
13.3) 1.23991
13.4) 1.19922
13.5) 1.15322
13.6) 1.10338
13.7) 1.05112
13.8) 0.99774
13.9) 0.9444
14.0) 0.89208
14.1) 0.84158
14.2) 0.79354
14.3) 0.74845
14.4) 0.70665
14.5) 0.6684
14.6) 0.63385
14.7) 0.60309
14.8) 0.57617
14.9) 0.5531
15.0) 0.53387
15.1) 0.51845
15.2) 0.50682
15.3) 0.49896
15.4) 0.49484
15.5) 0.49445
15.6) 0.4978
15.7) 0.50489
15.8) 0.51574
15.9) 0.53037
16.0) 0.54881
16.1) 0.57109
16.2) 0.59722
16.3) 0.62719
16.4) 0.66097
16.5) 0.69847
16.6) 0.73955
16.7) 0.78399
16.8) 0.83146
16.9) 0.8815
17.0) 0.93351
17.1) 0.98673
17.2) 1.04022
17.3) 1.09286
17.4) 1.14337
17.5) 1.19035
17.6) 1.23234
17.7) 1.26789
17.8) 1.29568
17.9) 1.31459
18.0) 1.32384
18.1) 1.32302
18.2) 1.31217
18.3) 1.29174
18.4) 1.26258
18.5) 1.22584
18.6) 1.18287
18.7) 1.13513
18.8) 1.08408
18.9) 1.03111
19.0) 0.97748
19.1) 0.92428
19.2) 0.87243
19.3) 0.82267
19.4) 0.77557
19.5) 0.73157
19.6) 0.69097
19.7) 0.65399
19.8) 0.62075
19.9) 0.59133
20.0) 0.56576
