0.0) 1.5
0.1) 1.49067
0.2) 1.46318
0.3) 1.41909
0.4) 1.36065
0.5) 1.29064
0.6) 1.21203
0.7) 1.1277
0.8) 1.04027
0.9) 0.95194
1.0) 0.86447
1.1) 0.77915
1.2) 0.69688
1.3) 0.61816
1.4) 0.54324
1.5) 0.47214
1.6) 0.40468
1.7) 0.3406
1.8) 0.27953
1.9) 0.22103
2.0) 0.16462
2.1) 0.10984
2.2) 0.05614
2.3) 0.00299
2.4) -0.05013
2.5) -0.10375
2.6) -0.1584
2.7) -0.21458
2.8) -0.27281
2.9) -0.33355
3.0) -0.39726
3.1) -0.46431
3.2) -0.53499
3.3) -0.60947
3.4) -0.68777
3.5) -0.76966
3.6) -0.85466
3.7) -0.94194
3.8) -1.03026
3.9) -1.11788
4.0) -1.20268
4.1) -1.28209
4.2) -1.35325
4.3) -1.41317
4.4) -1.45901
4.5) -1.48845
4.6) -1.49988
4.7) -1.49266
4.8) -1.46719
4.9) -1.42488
5.0) -1.36794
5.1) -1.29907
5.2) -1.22127
5.3) -1.13744
5.4) -1.05024
5.5) -0.96192
5.6) -0.87428
5.7) -0.78866
5.8) -0.70601
5.9) -0.62687
6.0) -0.55151
6.1) -0.47998
6.2) -0.41212
6.3) -0.34769
6.4) -0.28631
6.5) -0.22754
6.6) -0.17093
6.7) -0.11599
6.8) -0.0622
6.9) -0.00901
7.0) 0.04408
7.1) 0.09761
7.2) 0.15211
7.3) 0.20809
7.4) 0.26606
7.5) 0.32651
7.6) 0.38988
7.7) 0.45653
7.8) 0.52679
7.9) 0.60084
8.0) 0.67873
8.1) 0.76025
8.2) 0.84495
8.3) 0.93202
8.4) 1.0203
8.5) 1.10812
8.6) 1.19337
8.7) 1.27354
8.8) 1.34577
8.9) 1.40709
9.0) 1.45465
9.1) 1.48604
9.2) 1.49956
9.3) 1.49443
9.4) 1.47096
9.5) 1.43044
9.6) 1.37499
9.7) 1.30732
9.8) 1.23036
9.9) 1.14706
10.0) 1.0601
10.1) 0.97181
10.2) 0.88403
10.3) 0.79814
10.4) 0.71511
10.5) 0.63555
10.6) 0.55976
10.7) 0.4878
10.8) 0.41953
10.9) 0.35471
11.0) 0.29301
11.1) 0.23397
11.2) 0.17716
11.3) 0.12205
11.4) 0.06814
11.5) 0.0149
11.6) -0.03821
11.7) -0.09168
11.8) -0.14606
11.9) -0.20186
12.0) -0.2596
12.1) -0.31975
12.2) -0.38278
12.3) -0.44906
12.4) -0.51892
12.5) -0.59256
12.6) -0.67002
12.7) -0.75116
12.8) -0.83555
12.9) -0.92241
13.0) -1.01063
13.1) -1.09859
13.2) -1.18423
13.3) -1.26507
13.4) -1.33831
13.5) -1.40098
13.6) -1.45018
13.7) -1.48345
13.8) -1.49896
13.9) -1.49587
14.0) -1.47436
14.1) -1.43559
14.2) -1.38166
14.3) -1.3152
14.4) -1.23913
14.5) -1.15641
14.6) -1.06975
14.7) -0.98151
14.8) -0.8936
14.9) -0.80744
15.0) -0.72405
15.1) -0.64408
15.2) -0.56787
15.3) -0.4955
15.4) -0.42685
15.5) -0.36168
15.6) -0.29963
15.7) -0.24032
15.8) -0.18329
15.9) -0.12802
16.0) -0.07399
16.1) -0.02071
16.2) 0.03239
16.3) 0.08578
16.4) 0.14004
16.5) 0.19567
16.6) 0.25319
16.7) 0.31306
16.8) 0.37573
16.9) 0.44165
17.0) 0.5111
17.1) 0.58432
17.2) 0.66137
17.3) 0.74211
17.4) 0.82616
17.5) 0.91281
17.6) 1.00096
17.7) 1.08904
17.8) 1.17505
17.9) 1.25656
18.0) 1.33078
18.1) 1.39475
18.2) 1.44556
18.3) 1.48064
18.4) 1.49817
18.5) 1.49712
18.6) 1.47758
18.7) 1.44063
18.8) 1.38824
18.9) 1.32301
19.0) 1.24783
19.1) 1.1657
19.2) 1.07935
19.3) 0.99118
19.4) 0.90316
19.5) 0.81676
19.6) 0.73304
19.7) 0.65271
19.8) 0.57609
19.9) 0.50331
20.0) 0.43428
