0.0) 0.5
0.1) 0.50188
0.2) 0.5075
0.3) 0.5169
0.4) 0.53009
0.5) 0.54709
0.6) 0.56793
0.7) 0.5926
0.8) 0.62112
0.9) 0.65345
1.0) 0.68953
1.1) 0.72922
1.2) 0.7723
1.3) 0.81852
1.4) 0.86741
1.5) 0.91844
1.6) 0.97088
1.7) 1.02386
1.8) 1.07635
1.9) 1.12712
2.0) 1.17484
2.1) 1.21809
2.2) 1.25543
2.3) 1.28557
2.4) 1.30735
2.5) 1.31988
2.6) 1.32265
2.7) 1.31554
2.8) 1.29885
2.9) 1.27328
3.0) 1.2398
3.1) 1.19967
3.2) 1.15426
3.3) 1.10504
3.4) 1.05337
3.5) 1.00053
3.6) 0.94766
3.7) 0.89574
3.8) 0.84557
3.9) 0.79781
4.0) 0.75293
4.1) 0.71131
4.2) 0.67319
4.3) 0.63875
4.4) 0.60809
4.5) 0.58125
4.6) 0.55826
4.7) 0.53911
4.8) 0.52379
4.9) 0.51227
5.0) 0.50453
5.1) 0.50055
5.2) 0.50033
5.3) 0.50385
5.4) 0.51113
5.5) 0.52219
5.6) 0.53704
5.7) 0.55572
5.8) 0.57825
5.9) 0.60461
6.0) 0.63481
6.1) 0.66881
6.2) 0.70648
6.3) 0.74769
6.4) 0.7922
6.5) 0.83964
6.6) 0.88955
6.7) 0.9413
6.8) 0.99411
6.9) 1.047
7.0) 1.09889
7.1) 1.14849
7.2) 1.19442
7.3) 1.23526
7.4) 1.26962
7.5) 1.29623
7.6) 1.31403
7.7) 1.32233
7.8) 1.32076
7.9) 1.30939
8.0) 1.28869
8.1) 1.25951
8.2) 1.22295
8.3) 1.18034
8.4) 1.1331
8.5) 1.08262
8.6) 1.03026
8.7) 0.97728
8.8) 0.9247
8.9) 0.87346
9.0) 0.82428
9.1) 0.77774
9.2) 0.73425
9.3) 0.69415
9.4) 0.65763
9.5) 0.62483
9.6) 0.59585
9.7) 0.5707
9.8) 0.5494
9.9) 0.53194
10.0) 0.51829
10.1) 0.50843
10.2) 0.50233
10.3) 0.50001
10.4) 0.50143
10.5) 0.50661
10.6) 0.51554
10.7) 0.52827
10.8) 0.54481
10.9) 0.56517
11.0) 0.58938
11.1) 0.61743
11.2) 0.6493
11.3) 0.68491
11.4) 0.72415
11.5) 0.76684
11.6) 0.81268
11.7) 0.86127
11.8) 0.91205
11.9) 0.96437
12.0) 1.01733
12.1) 1.06995
12.2) 1.121
12.3) 1.16917
12.4) 1.21304
12.5) 1.25121
12.6) 1.28232
12.7) 1.30517
12.8) 1.31886
12.9) 1.32284
13.0) 1.31694
13.1) 1.3014
13.2) 1.27686
13.3) 1.2443
13.4) 1.20493
13.5) 1.16011
13.6) 1.11126
13.7) 1.0598
13.8) 1.00702
13.9) 0.95411
14.0) 0.90202
14.1) 0.85162
14.2) 0.80354
14.3) 0.75829
14.4) 0.71625
14.5) 0.67769
14.6) 0.64279
14.7) 0.61166
14.8) 0.58435
14.9) 0.56089
15.0) 0.54127
15.1) 0.52548
15.2) 0.51349
15.3) 0.50529
15.4) 0.50084
15.5) 0.50014
15.6) 0.5032
15.7) 0.51002
15.8) 0.52061
15.9) 0.535
16.0) 0.55321
16.1) 0.57526
16.2) 0.60115
16.3) 0.63089
16.4) 0.66441
16.5) 0.70165
16.6) 0.74244
16.7) 0.78655
16.8) 0.83365
16.9) 0.88328
17.0) 0.93485
17.1) 0.98758
17.2) 1.04052
17.3) 1.0926
17.4) 1.14257
17.5) 1.18903
17.6) 1.23057
17.7) 1.26579
17.8) 1.29342
17.9) 1.31235
18.0) 1.32184
18.1) 1.32149
18.2) 1.31131
18.3) 1.29172
18.4) 1.26354
18.5) 1.22783
18.6) 1.1859
18.7) 1.13915
18.8) 1.08899
18.9) 1.03682
19.0) 0.98386
19.1) 0.93117
19.2) 0.87971
19.3) 0.83023
19.4) 0.78333
19.5) 0.73944
19.6) 0.69889
19.7) 0.66191
19.8) 0.62864
19.9) 0.59918
20.0) 0.57354
