0.0) 0.5
0.1) 0.50188
0.2) 0.50751
0.34) 0.51691
0.4) 0.5301
0.5) 0.5471
0.6) 0.56793
0.7) 0.59261
0.8) 0.62113
0.9) 0.65347
1.0) 0.68955
1.1) 0.72924
1.2) 0.77233
1.3) 0.81853
1.4) 0.86742
1.5) 0.91844
1.6) 0.97089
1.7) 1.02388
1.8) 1.07636
1.9) 1.12712
2.0) 1.17483
2.1) 1.21807
2.2) 1.25543
2.3) 1.28557
2.4) 1.30734
2.5) 1.31987
2.6) 1.32264
2.7) 1.31553
2.8) 1.29884
2.9) 1.27326
3.0) 1.23979
3.1) 1.19967
3.2) 1.15429
3.3) 1.10507
3.4) 1.05339
3.5) 1.00055
3.6) 0.94768
3.7) 0.89576
3.8) 0.8456
3.9) 0.79783
4.0) 0.75295
4.1) 0.71132
4.2) 0.6732
4.3) 0.63876
4.4) 0.6081
4.5) 0.58126
4.6) 0.55827
4.7) 0.53912
4.8) 0.5238
4.9) 0.51228
5.0) 0.50454
5.1) 0.50056
5.2) 0.50033
5.3) 0.50385
5.4) 0.51113
5.5) 0.52219
5.6) 0.53705
5.7) 0.55573
5.8) 0.57825
5.9) 0.60462
6.0) 0.63482
6.1) 0.66881
6.2) 0.70649
6.3) 0.7477
6.4) 0.7922
6.5) 0.83964
6.6) 0.88954
6.7) 0.94128
6.8) 0.99408
6.9) 1.04699
7.0) 1.09888
7.1) 1.14848
7.2) 1.19441
7.3) 1.23525
7.4) 1.2696
7.5) 1.2962
7.6) 1.31401
7.7) 1.3223
7.8) 1.32073
7.9) 1.30937
8.0) 1.28868
8.1) 1.2595
8.2) 1.22295
8.3) 1.18035
8.4) 1.13311
8.5) 1.08265
8.6) 1.03031
8.7) 0.97732
8.8) 0.92476
8.9) 0.87352
9.0) 0.82434
9.1) 0.77779
9.2) 0.7343
9.3) 0.69419
9.4) 0.65767
9.5) 0.62487
9.6) 0.59588
9.7) 0.57073
9.8) 0.54943
9.9) 0.53196
10.0) 0.51831
10.1) 0.50845
10.2) 0.50236
10.3) 0.50002
10.4) 0.50144
10.5) 0.50661
10.6) 0.51555
10.7) 0.52827
10.8) 0.5448
10.9) 0.56516
11.0) 0.58937
11.1) 0.61742
11.2) 0.64929
11.3) 0.68491
11.4) 0.72416
11.5) 0.76685
11.6) 0.81269
11.7) 0.86127
11.8) 0.91206
11.9) 0.96437
12.0) 1.01734
12.1) 1.06995
12.2) 1.12099
12.3) 1.16915
12.4) 1.21302
12.5) 1.25118
12.6) 1.28228
12.7) 1.30514
12.8) 1.31885
12.9) 1.32284
13.0) 1.31694
13.1) 1.30141
13.2) 1.27688
13.3) 1.24432
13.4) 1.20495
13.5) 1.16014
13.6) 1.11131
13.7) 1.05986
13.8) 1.00709
13.9) 0.95416
14.0) 0.90207
14.1) 0.85165
14.2) 0.80356
14.3) 0.7583
14.4) 0.71626
14.5) 0.6777
14.6) 0.6428
14.7) 0.61166
14.8) 0.58435
14.9) 0.56089
15.0) 0.54127
15.1) 0.52548
15.2) 0.51349
15.3) 0.50528
15.4) 0.50084
15.5) 0.50015
15.6) 0.50321
15.7) 0.51003
15.8) 0.52062
15.9) 0.53501
16.0) 0.55322
16.1) 0.57526
16.2) 0.60115
16.3) 0.63088
16.4) 0.6644
16.5) 0.70163
16.6) 0.74241
16.7) 0.78652
16.8) 0.83362
16.9) 0.88325
17.0) 0.93481
17.1) 0.98753
17.2) 1.04048
17.3) 1.09256
17.4) 1.14251
17.5) 1.18897
17.6) 1.23051
17.7) 1.26574
17.8) 1.29336
17.9) 1.31231
18.0) 1.32181
18.1) 1.32147
18.2) 1.3113
18.3) 1.29173
18.4) 1.26355
18.5) 1.22785
18.6) 1.18592
18.7) 1.13917
18.8) 1.08903
18.9) 1.03685
19.0) 0.98388
19.1) 0.93121
19.2) 0.87976
19.3) 0.83029
19.4) 0.78339
19.5) 0.7395
19.6) 0.69896
19.7) 0.66198
19.8) 0.62872
19.9) 0.59926
20.0) 0.57364
