0.0) 1.5
0.1) 1.49067
0.2) 1.4632
0.3) 1.41911
0.4) 1.36068
0.5) 1.29067
0.6) 1.21206
0.7) 1.12773
0.8) 1.04031
0.9) 0.95198
1.0) 0.86451
1.1) 0.77919
1.2) 0.69692
1.3) 0.6182
1.4) 0.54328
1.5) 0.47218
1.6) 0.40472
1.7) 0.34065
1.8) 0.27958
1.9) 0.22108
2.0) 0.16469
2.1) 0.10991
2.2) 0.05621
2.3) 0.00307
2.4) -0.05003
2.5) -0.10364
2.6) -0.15826
2.7) -0.21443
2.8) -0.27264
2.9) -0.33337
3.0) -0.39706
3.1) -0.46409
3.2) -0.53476
3.3) -0.60922
3.4) -0.68751
3.5) -0.76939
3.6) -0.85438
3.7) -0.94164
3.8) -1.02995
3.9) -1.11759
4.0) -1.20241
4.1) -1.28184
4.2) -1.35301
4.3) -1.41296
4.4) -1.45888
4.5) -1.4884
4.6) -1.4999
4.7) -1.49275
4.8) -1.46735
4.9) -1.4251
5.0) -1.3682
5.1) -1.29939
5.2) -1.22162
5.3) -1.13781
5.4) -1.05061
5.5) -0.96229
5.6) -0.87465
5.7) -0.78903
5.8) -0.70635
5.9) -0.62718
6.0) -0.5518
6.1) -0.48024
6.2) -0.41237
6.3) -0.34792
6.4) -0.28653
6.5) -0.22776
6.6) -0.17114
6.7) -0.11617
6.8) -0.06238
6.9) -0.00918
7.0) 0.04392
7.1) 0.09747
7.2) 0.15197
7.3) 0.20794
7.4) 0.26591
7.5) 0.32635
7.6) 0.38971
7.7) 0.45636
7.8) 0.52662
7.9) 0.60067
8.0) 0.67854
8.1) 0.76004
8.2) 0.84474
8.3) 0.93181
8.4) 1.02009
8.5) 1.10791
8.6) 1.19316
8.7) 1.27334
8.8) 1.34558
8.9) 1.40693
9.0) 1.45454
9.1) 1.48599
9.2) 1.49956
9.3) 1.49448
9.4) 1.47105
9.5) 1.43056
9.6) 1.37517
9.7) 1.30754
9.8) 1.23064
9.9) 1.14738
10.0) 1.06046
10.1) 0.97218
10.2) 0.8844
10.3) 0.79851
10.4) 0.71546
10.5) 0.63588
10.6) 0.56006
10.7) 0.48808
10.8) 0.41981
10.9) 0.35499
11.0) 0.29327
11.1) 0.23421
11.2) 0.17738
11.3) 0.12226
11.4) 0.06833
11.5) 0.01509
11.6) -0.03802
11.7) -0.09149
11.8) -0.14587
11.9) -0.20167
12.0) -0.2594
12.1) -0.31955
12.2) -0.38256
12.3) -0.44884
12.4) -0.51869
12.5) -0.59232
12.6) -0.66978
12.7) -0.75092
12.8) -0.8353
12.9) -0.92216
13.0) -1.01038
13.1) -1.09834
13.2) -1.184
13.3) -1.26488
13.4) -1.33814
13.5) -1.40083
13.6) -1.45008
13.7) -1.48338
13.8) -1.49897
13.9) -1.49595
14.0) -1.4745
14.1) -1.43582
14.2) -1.38194
14.3) -1.3155
14.4) -1.23947
14.5) -1.15677
14.6) -1.07013
14.7) -0.98189
14.8) -0.89398
14.9) -0.80782
15.0) -0.72442
15.1) -0.64445
15.2) -0.56823
15.3) -0.49584
15.4) -0.42719
15.5) -0.36202
15.6) -0.29997
15.7) -0.24066
15.8) -0.18363
15.9) -0.12837
16.0) -0.07438
16.1) -0.02112
16.2) 0.03192
16.3) 0.08529
16.4) 0.13949
16.5) 0.19507
16.6) 0.25251
16.7) 0.31233
16.8) 0.37498
16.9) 0.44083
17.0) 0.51023
17.1) 0.58338
17.2) 0.66037
17.3) 0.74106
17.4) 0.82508
17.5) 0.91169
17.6) 0.9998
17.7) 1.08788
17.8) 1.17393
17.9) 1.25549
18.0) 1.32981
18.1) 1.39391
18.2) 1.4449
18.3) 1.48024
18.4) 1.498
18.5) 1.49722
18.6) 1.47794
18.7) 1.44121
18.8) 1.38904
18.9) 1.32398
19.0) 1.24896
19.1) 1.16691
19.2) 1.08062
19.3) 0.99246
19.4) 0.90444
19.5) 0.818
19.6) 0.73426
19.7) 0.65387
19.8) 0.57721
19.9) 0.50437
20.0) 0.43528
