0.0) 0.14063
0.01) 0.14063
0.02) 0.14063
0.03) 0.14063
0.04) 0.14063
0.05) 0.14062
0.06) 0.14063
0.07) 0.14063
0.08) 0.14063
0.09) 0.14063
0.1) 0.14064
0.11) 0.14063
0.12) 0.14063
0.13) 0.14063
0.14) 0.14062
0.15) 0.14062
0.16) 0.14061
0.17) 0.14061
0.18) 0.14061
0.19) 0.1406
0.2) 0.1406
0.21) 0.14059
0.22) 0.1406
0.23) 0.1406
0.24) 0.1406
0.25) 0.1406
0.26) 0.14061
0.27) 0.14061
0.28) 0.14061
0.29) 0.14061
0.3) 0.14061
0.31) 0.14061
0.32) 0.14062
0.33) 0.14062
0.34) 0.14062
0.3503) 0.14062
0.36) 0.14062
0.37) 0.14062
0.38) 0.14062
0.39) 0.14063
0.4) 0.14062
0.4103) 0.14063
0.42) 0.14063
0.43) 0.14063
0.44) 0.14063
0.45) 0.14063
0.46) 0.14063
0.4703) 0.14063
0.48) 0.14063
0.49) 0.14063
0.5) 0.14062
0.51) 0.14062
0.52) 0.14062
0.53) 0.14062
0.54) 0.14062
0.55) 0.14062
0.56) 0.14062
0.571) 0.14062
0.58) 0.14062
0.59) 0.14062
0.6) 0.14062
0.61) 0.14063
0.62) 0.14063
0.63) 0.14063
0.64) 0.14063
0.65) 0.14063
0.66) 0.14063
0.67) 0.14064
0.68) 0.14064
0.691) 0.14063
0.701) 0.14063
0.71) 0.14063
0.72) 0.14063
0.73) 0.14064
0.74) 0.14064
0.75) 0.14064
0.76) 0.14064
0.77) 0.14064
0.78) 0.14064
0.79) 0.14064
0.8) 0.14065
0.81) 0.14065
0.821) 0.14065
0.831) 0.14065
0.84) 0.14065
0.85) 0.14065
0.86) 0.14065
0.87) 0.14065
0.88) 0.14065
0.89) 0.14065
0.9) 0.14065
0.91) 0.14065
0.92) 0.14065
0.93) 0.14065
0.941) 0.14065
0.951) 0.14066
0.96) 0.14065
0.97) 0.14065
0.98) 0.14065
0.99) 0.14066
1.0) 0.14066
1.01) 0.14066
1.02) 0.14065
1.03) 0.14065
1.04) 0.14066
1.05) 0.14065
1.06) 0.14065
1.07) 0.14065
1.08) 0.14065
1.09) 0.14065
1.1) 0.14065
1.11) 0.14065
1.12) 0.14065
1.131) 0.14065
1.141) 0.14065
1.151) 0.14065
1.16) 0.14065
1.17) 0.14065
1.18) 0.14064
1.19) 0.14065
1.2) 0.14064
1.21) 0.14064
1.22) 0.14064
1.23) 0.14064
1.24) 0.14064
1.25) 0.14063
1.26) 0.14063
1.27) 0.14064
1.28) 0.14063
1.29) 0.14064
1.3) 0.14064
1.31) 0.14064
1.32) 0.14064
1.33) 0.14065
1.34) 0.14065
1.35) 0.14064
1.36) 0.14064
1.37) 0.14064
1.381) 0.14064
1.391) 0.14064
1.401) 0.14064
1.41) 0.14065
1.42) 0.14065
1.43) 0.14065
1.44) 0.14065
1.45) 0.14065
1.46) 0.14066
1.47) 0.14066
1.48) 0.14066
1.49) 0.14066
1.5) 0.14066
1.51) 0.14066
1.52) 0.14066
1.53) 0.14066
1.54) 0.14066
1.55) 0.14066
1.56) 0.14066
1.57) 0.14067
1.58) 0.14067
1.59) 0.14067
1.6) 0.14067
1.61) 0.14067
1.62) 0.14067
1.631) 0.14067
1.641) 0.14067
1.651) 0.14067
1.661) 0.14067
1.67) 0.14067
1.68) 0.14067
1.69) 0.14067
1.7) 0.14067
1.71) 0.14067
1.72) 0.14067
1.73) 0.14067
1.74) 0.14067
1.75) 0.14068
1.76) 0.14068
1.77) 0.14068
1.78) 0.14068
1.79) 0.14068
1.8) 0.14068
1.81) 0.14068
1.82) 0.14068
1.83) 0.14068
1.84) 0.14068
1.85) 0.14068
1.86) 0.14068
1.87) 0.14068
1.881) 0.14068
1.891) 0.14069
1.901) 0.14068
1.911) 0.14068
1.92) 0.14068
1.93) 0.14068
1.94) 0.14068
1.95) 0.14068
1.96) 0.14068
1.97) 0.14068
1.98) 0.14068
1.99) 0.14068
2.0) 0.14068
2.012) 0.14068
2.02) 0.14068
2.032) 0.14068
2.04) 0.14068
2.05) 0.14068
2.06) 0.14068
2.07) 0.14068
2.08) 0.14068
2.09) 0.14068
2.1) 0.14068
2.11) 0.14068
2.12) 0.14068
2.13) 0.14068
2.14) 0.14068
2.15) 0.14068
2.16) 0.14068
2.17) 0.14068
2.18) 0.14068
2.19) 0.14068
2.2) 0.14068
2.21) 0.14068
2.22) 0.14068
2.23) 0.14068
2.24) 0.14068
2.25) 0.14068
2.262) 0.14068
2.27) 0.14068
2.282) 0.14068
2.29) 0.14068
2.303) 0.14068
2.31) 0.14068
2.32) 0.14068
2.33) 0.14068
2.34) 0.14068
2.35) 0.14068
2.36) 0.14068
2.37) 0.14068
2.38) 0.14068
2.39) 0.14068
2.4) 0.14068
2.41) 0.14068
2.42) 0.14068
2.43) 0.14068
2.44) 0.14068
2.45) 0.14068
2.46) 0.14068
2.47) 0.14068
2.48) 0.14068
2.49) 0.14068
2.5) 0.14068
2.512) 0.14068
2.52) 0.14068
2.532) 0.14068
2.54) 0.14068
2.553) 0.14068
2.56) 0.14068
2.57) 0.14068
2.58) 0.14067
2.59) 0.14068
2.6) 0.14068
2.61) 0.14068
2.62) 0.14068
2.63) 0.14068
2.64) 0.14068
2.65) 0.14067
2.66) 0.14067
2.67) 0.14067
2.68) 0.14067
2.69) 0.14067
2.7) 0.14067
2.71) 0.14067
2.72) 0.14066
2.73) 0.14067
2.74) 0.14066
2.75) 0.14067
2.762) 0.14067
2.77) 0.14067
2.782) 0.14066
2.79) 0.14067
2.803) 0.14067
2.81) 0.14067
2.82) 0.14067
2.83) 0.14067
2.84) 0.14067
2.85) 0.14066
2.86) 0.14067
2.87) 0.14066
2.88) 0.14067
2.89) 0.14067
2.9) 0.14067
2.91) 0.14067
2.92) 0.14066
2.93) 0.14067
2.94) 0.14067
2.95) 0.14067
2.96) 0.14067
2.97) 0.14067
2.98) 0.14067
2.99) 0.14067
3.0) 0.14067
3.012) 0.14067
3.02) 0.14066
3.032) 0.14067
3.04) 0.14067
3.053) 0.14067
3.06) 0.14067
3.073) 0.14067
3.08) 0.14066
3.09) 0.14067
3.1) 0.14066
3.11) 0.14066
3.12) 0.14066
3.13) 0.14066
3.14) 0.14066
3.15) 0.14067
3.16) 0.14067
3.17) 0.14067
3.18) 0.14067
3.19) 0.14067
3.2) 0.14067
3.21) 0.14066
3.22) 0.14066
3.23) 0.14066
3.24) 0.14066
3.25) 0.14066
3.262) 0.14066
3.27) 0.14066
3.282) 0.14066
3.29) 0.14066
3.303) 0.14066
3.31) 0.14066
3.323) 0.14066
3.33) 0.14066
3.34) 0.14066
3.35) 0.14066
3.36) 0.14066
3.37) 0.14066
3.38) 0.14066
3.39) 0.14066
3.4) 0.14066
3.41) 0.14066
3.42) 0.14066
3.43) 0.14066
3.44) 0.14066
3.45) 0.14066
3.46) 0.14066
3.47) 0.14066
3.48) 0.14066
3.49) 0.14066
3.5) 0.14066
3.512) 0.14066
3.52) 0.14066
3.532) 0.14066
3.54) 0.14066
3.553) 0.14066
3.56) 0.14066
3.573) 0.14067
3.58) 0.14067
3.59) 0.14067
3.6) 0.14067
3.61) 0.14066
3.62) 0.14066
3.63) 0.14066
3.64) 0.14065
3.65) 0.14065
3.66) 0.14066
3.67) 0.14065
3.68) 0.14065
3.69) 0.14065
3.7) 0.14065
3.71) 0.14065
3.72) 0.14065
3.73) 0.14065
3.74) 0.14065
3.75) 0.14065
3.762) 0.14065
3.77) 0.14066
3.782) 0.14065
3.79) 0.14065
3.803) 0.14065
3.81) 0.14065
3.823) 0.14065
3.83) 0.14065
3.84) 0.14065
3.85) 0.14064
3.86) 0.14064
3.87) 0.14064
3.88) 0.14064
3.89) 0.14064
3.9) 0.14064
3.91) 0.14064
3.92) 0.14064
3.93) 0.14064
3.94) 0.14064
3.95) 0.14064
3.96) 0.14064
3.97) 0.14064
3.98) 0.14064
3.99) 0.14064
4.0) 0.14063
4.01) 0.14063
4.025) 0.14063
4.03) 0.14063
4.04) 0.14063
4.05) 0.14063
4.065) 0.14063
4.07) 0.14063
4.08) 0.14063
4.09) 0.14063
4.1) 0.14063
4.11) 0.14063
4.12) 0.14064
4.13) 0.14064
4.14) 0.14064
4.15) 0.14064
4.16) 0.14065
4.17) 0.14065
4.18) 0.14066
4.19) 0.14066
4.2) 0.14066
4.21) 0.14066
4.22) 0.14067
4.23) 0.14067
4.24) 0.14067
4.25) 0.14067
4.26) 0.14067
4.275) 0.14067
4.28) 0.14067
4.29) 0.14068
4.3) 0.14068
4.315) 0.14067
4.32) 0.14067
4.33) 0.14068
4.34) 0.14068
4.355) 0.14067
4.36) 0.14067
4.37) 0.14067
4.38) 0.14066
4.39) 0.14065
4.4) 0.14065
4.41) 0.14065
4.42) 0.14065
4.43) 0.14065
4.44) 0.14065
4.45) 0.14065
4.46) 0.14065
4.47) 0.14065
4.48) 0.14065
4.49) 0.14064
4.5) 0.14064
4.51) 0.14063
4.525) 0.14063
4.53) 0.14063
4.54) 0.14063
4.55) 0.14062
4.565) 0.14063
4.57) 0.14062
4.58) 0.14063
4.59) 0.14062
4.605) 0.14062
4.61) 0.14063
4.62) 0.14063
4.63) 0.14063
4.64) 0.14062
4.65) 0.14063
4.66) 0.14063
4.67) 0.14062
4.68) 0.14063
4.69) 0.14063
4.7) 0.14064
4.71) 0.14063
4.72) 0.14064
4.73) 0.14065
4.74) 0.14064
4.75) 0.14063
4.76) 0.14064
4.775) 0.14064
4.78) 0.14064
4.79) 0.14064
4.8) 0.14065
4.815) 0.14064
4.82) 0.14065
4.83) 0.14065
4.84) 0.14065
4.855) 0.14065
4.86) 0.14065
4.87) 0.14065
4.88) 0.14064
4.89) 0.14065
4.9) 0.14065
4.91) 0.14066
4.92) 0.14065
4.93) 0.14066
4.94) 0.14066
4.95) 0.14067
4.96) 0.14067
4.97) 0.14068
4.98) 0.14069
4.99) 0.14069
5.0) 0.14069
5.01) 0.14069
5.025) 0.14068
5.03) 0.14069
5.04) 0.14069
5.05) 0.14068
5.065) 0.14068
5.07) 0.14069
5.08) 0.14069
5.09) 0.14069
5.105) 0.14068
5.11) 0.14068
5.12) 0.14067
5.13) 0.14067
5.14) 0.14067
5.15) 0.14067
5.16) 0.14067
5.17) 0.14067
5.18) 0.14068
5.19) 0.14068
5.2) 0.14068
5.21) 0.14068
5.22) 0.14068
5.23) 0.14068
5.24) 0.14068
5.25) 0.14068
5.26) 0.14068
5.275) 0.14068
5.28) 0.14068
5.29) 0.14068
5.3) 0.14068
5.315) 0.14068
5.32) 0.14068
5.33) 0.14068
5.34) 0.14069
5.355) 0.14069
5.36) 0.14069
5.37) 0.14068
5.38) 0.14068
5.39) 0.14069
5.4) 0.14068
5.41) 0.14068
5.42) 0.14068
5.43) 0.14068
5.44) 0.14068
5.45) 0.14068
5.46) 0.14068
5.47) 0.14067
5.48) 0.14068
5.49) 0.14068
5.5) 0.14068
5.51) 0.14068
5.525) 0.14067
5.53) 0.14067
5.54) 0.14067
5.55) 0.14067
5.565) 0.14066
5.57) 0.14066
5.58) 0.14067
5.59) 0.14066
5.605) 0.14066
5.61) 0.14066
5.62) 0.14066
5.63) 0.14066
5.64) 0.14066
5.65) 0.14066
5.66) 0.14066
5.67) 0.14067
5.68) 0.14067
5.69) 0.14067
5.7) 0.14067
5.71) 0.14067
5.72) 0.14067
5.73) 0.14066
5.74) 0.14067
5.75) 0.14067
5.76) 0.14067
5.775) 0.14067
5.78) 0.14067
5.79) 0.14067
5.8) 0.14067
5.815) 0.14067
5.82) 0.14067
5.83) 0.14067
5.84) 0.14067
5.855) 0.14067
5.86) 0.14067
5.87) 0.14068
5.88) 0.14068
5.89) 0.14068
5.9) 0.14068
5.91) 0.14068
5.92) 0.14068
5.93) 0.14068
5.94) 0.14068
5.95) 0.14068
5.96) 0.14069
5.97) 0.14069
5.98) 0.14069
5.99) 0.14069
6.0) 0.14068
6.01) 0.14068
6.025) 0.14068
6.03) 0.14068
6.04) 0.14068
6.05) 0.14068
6.065) 0.14068
6.07) 0.14068
6.08) 0.14068
6.09) 0.14069
6.105) 0.14069
6.11) 0.14069
6.12) 0.14069
6.13) 0.14069
6.14) 0.14069
6.15) 0.14069
6.16) 0.14069
6.17) 0.14069
6.18) 0.14069
6.19) 0.14069
6.2) 0.14069
6.21) 0.14069
6.22) 0.14069
6.23) 0.1407
6.24) 0.14069
6.25) 0.14069
6.26) 0.14069
6.275) 0.14069
6.28) 0.14069
6.29) 0.1407
6.3) 0.14069
6.315) 0.14069
6.32) 0.14069
6.33) 0.14069
6.34) 0.14069
6.355) 0.14069
6.36) 0.14069
6.37) 0.14069
6.38) 0.14069
6.39) 0.14069
6.4) 0.14069
6.41) 0.14069
6.42) 0.14069
6.43) 0.14069
6.44) 0.14069
6.45) 0.14069
6.46) 0.14069
6.47) 0.14069
6.48) 0.14069
6.49) 0.14069
6.5) 0.14069
6.51) 0.14069
6.525) 0.14069
6.53) 0.14069
6.54) 0.14069
6.55) 0.14069
6.565) 0.14069
6.57) 0.14068
6.58) 0.14068
6.59) 0.14068
6.605) 0.14068
6.61) 0.14068
6.62) 0.14068
6.63) 0.14068
6.64) 0.14068
6.65) 0.14068
6.66) 0.14068
6.67) 0.14068
6.68) 0.14068
6.69) 0.14068
6.7) 0.14068
6.71) 0.14068
6.72) 0.14068
6.73) 0.14068
6.74) 0.14068
6.75) 0.14068
6.76) 0.14068
6.775) 0.14068
6.78) 0.14068
6.79) 0.14068
6.8) 0.14068
6.815) 0.14068
6.82) 0.14068
6.83) 0.14068
6.84) 0.14068
6.855) 0.14068
6.86) 0.14068
6.87) 0.14068
6.88) 0.14068
6.89) 0.14068
6.9) 0.14068
6.91) 0.14068
6.92) 0.14068
6.93) 0.14068
6.94) 0.14068
6.95) 0.14068
6.96) 0.14068
6.97) 0.14068
6.98) 0.14068
6.99) 0.14068
7.0) 0.14068
7.01) 0.14068
7.025) 0.14068
7.03) 0.14068
7.04) 0.14068
7.05) 0.14068
7.065) 0.14068
7.07) 0.14068
7.08) 0.14068
7.09) 0.14068
7.105) 0.14068
7.11) 0.14068
7.12) 0.14068
7.13) 0.14068
7.14) 0.14068
7.15) 0.14068
7.16) 0.14068
7.17) 0.14068
7.18) 0.14068
7.19) 0.14068
7.2) 0.14069
7.21) 0.14069
7.22) 0.14068
7.23) 0.14068
7.24) 0.14068
7.25) 0.14068
7.26) 0.14068
7.275) 0.14068
7.28) 0.14069
7.29) 0.14069
7.3) 0.14069
7.315) 0.14069
7.32) 0.1407
7.33) 0.14069
7.34) 0.14069
7.355) 0.14069
7.36) 0.14069
7.37) 0.14069
7.38) 0.14069
7.39) 0.14069
7.4) 0.14069
7.41) 0.14069
7.42) 0.14069
7.43) 0.14069
7.44) 0.14069
7.45) 0.14069
7.46) 0.14069
7.47) 0.14069
7.48) 0.14069
7.49) 0.14069
7.5) 0.14069
7.51) 0.14069
7.525) 0.14069
7.53) 0.14069
7.54) 0.14069
7.55) 0.14069
7.565) 0.14069
7.57) 0.14069
7.58) 0.14069
7.59) 0.14069
7.605) 0.14069
7.61) 0.14069
7.62) 0.14069
7.63) 0.14069
7.64) 0.14069
7.65) 0.14069
7.66) 0.14069
7.67) 0.14069
7.68) 0.14069
7.69) 0.1407
7.7) 0.14069
7.71) 0.14069
7.72) 0.1407
7.73) 0.14069
7.74) 0.14069
7.75) 0.1407
7.76) 0.1407
7.775) 0.1407
7.78) 0.1407
7.79) 0.1407
7.8) 0.1407
7.815) 0.1407
7.82) 0.1407
7.83) 0.1407
7.84) 0.1407
7.855) 0.1407
7.86) 0.14069
7.87) 0.1407
7.88) 0.1407
7.89) 0.1407
7.9) 0.1407
7.91) 0.1407
7.92) 0.1407
7.93) 0.1407
7.94) 0.14071
7.95) 0.14071
7.96) 0.14071
7.97) 0.14071
7.98) 0.1407
7.99) 0.14071
8.0) 0.1407
8.01) 0.14071
8.02) 0.1407
8.03) 0.1407
8.04) 0.1407
8.05) 0.14071
8.06) 0.1407
8.07) 0.1407
8.08) 0.1407
8.09) 0.1407
8.1) 0.1407
8.11) 0.1407
8.12) 0.1407
8.13) 0.1407
8.14) 0.1407
8.15) 0.14069
8.16) 0.1407
8.17) 0.1407
8.18) 0.1407
8.19) 0.1407
8.2) 0.1407
8.21) 0.1407
8.22) 0.14071
8.23) 0.1407
8.24) 0.1407
8.25) 0.14071
8.26) 0.1407
8.27) 0.1407
8.28) 0.1407
8.29) 0.1407
8.3) 0.1407
8.31) 0.14069
8.32) 0.14069
8.33) 0.14069
8.34) 0.1407
8.35) 0.1407
8.36) 0.14069
8.37) 0.14069
8.38) 0.1407
8.39) 0.1407
8.4) 0.1407
8.41) 0.1407
8.42) 0.1407
8.43) 0.1407
8.44) 0.1407
8.45) 0.1407
8.46) 0.1407
8.47) 0.1407
8.48) 0.1407
8.49) 0.1407
8.5) 0.1407
8.51) 0.1407
8.52) 0.1407
8.53) 0.1407
8.54) 0.1407
8.55) 0.1407
8.56) 0.1407
8.57) 0.1407
8.58) 0.14071
8.59) 0.14071
8.6) 0.1407
8.61) 0.1407
8.62) 0.1407
8.63) 0.1407
8.64) 0.14071
8.65) 0.14071
8.66) 0.14071
8.67) 0.14071
8.68) 0.14072
8.69) 0.14071
8.71) 0.14071
8.71) 0.14071
8.72) 0.14071
8.73) 0.14071
8.74) 0.14071
8.75) 0.1407
8.76) 0.1407
8.77) 0.1407
8.78) 0.1407
8.79) 0.14069
8.8) 0.14069
8.81) 0.14069
8.82) 0.14069
8.83) 0.14069
8.84) 0.14068
8.85) 0.14069
8.86) 0.14069
8.87) 0.14069
8.88) 0.14068
8.89) 0.14069
8.9) 0.14068
8.91) 0.14069
8.92) 0.14069
8.93) 0.14069
8.94) 0.1407
8.95) 0.1407
8.96) 0.1407
8.97) 0.14069
8.98) 0.14069
8.99) 0.14069
9.0) 0.14068
9.01) 0.14068
9.02) 0.14067
9.03) 0.14068
9.04) 0.14068
9.05) 0.14068
9.06) 0.14067
9.07) 0.14067
9.08) 0.14068
9.09) 0.14068
9.1) 0.14067
9.11) 0.14068
9.12) 0.14068
9.13) 0.14069
9.14) 0.14069
9.15) 0.14069
9.16) 0.14069
9.17) 0.14069
9.18) 0.1407
9.19) 0.1407
9.21) 0.14069
9.21) 0.1407
9.22) 0.1407
9.23) 0.14069
9.24) 0.14068
9.25) 0.14069
9.26) 0.14069
9.27) 0.14069
9.28) 0.1407
9.29) 0.1407
9.3) 0.14069
9.31) 0.14069
9.32) 0.14069
9.33) 0.14069
9.34) 0.14069
9.35) 0.1407
9.36) 0.1407
9.37) 0.14071
9.38) 0.14071
9.39) 0.1407
9.4) 0.14071
9.41) 0.14071
9.42) 0.14071
9.43) 0.14071
9.44) 0.14072
9.45) 0.14071
9.46) 0.14072
9.47) 0.14072
9.48) 0.14072
9.49) 0.14072
9.5) 0.14072
9.51) 0.14073
9.52) 0.14074
9.53) 0.14074
9.54) 0.14074
9.55) 0.14073
9.56) 0.14073
9.57) 0.14073
9.58) 0.14073
9.59) 0.14073
9.6) 0.14072
9.61) 0.14073
9.62) 0.14072
9.63) 0.14073
9.64) 0.14072
9.65) 0.14073
9.66) 0.14073
9.67) 0.14073
9.68) 0.14072
9.69) 0.14072
9.71) 0.14072
9.71) 0.14072
9.72) 0.14072
9.73) 0.14072
9.74) 0.14072
9.75) 0.14071
9.76) 0.14071
9.77) 0.14071
9.78) 0.14072
9.79) 0.14071
9.8) 0.14071
9.81) 0.14072
9.82) 0.14072
9.83) 0.14072
9.84) 0.14072
9.85) 0.14072
9.86) 0.14072
9.87) 0.14073
9.88) 0.14073
9.89) 0.14073
9.9) 0.14074
9.91) 0.14074
9.92) 0.14074
9.93) 0.14074
9.94) 0.14073
9.95) 0.14073
9.96) 0.14073
9.97) 0.14073
9.98) 0.14073
9.99) 0.14073
10.0) 0.14073
10.01) 0.14073
10.02) 0.14073
10.03) 0.14074
10.04) 0.14074
10.05) 0.14074
10.06) 0.14074
10.07) 0.14074
10.08) 0.14075
10.09) 0.14075
10.1) 0.14075
10.11) 0.14075
10.12) 0.14075
10.13) 0.14075
10.14) 0.14075
10.15) 0.14075
10.16) 0.14075
10.17) 0.14075
10.18) 0.14075
10.19) 0.14075
10.21) 0.14075
10.21) 0.14075
10.22) 0.14075
10.23) 0.14075
10.24) 0.14075
10.25) 0.14075
10.26) 0.14075
10.27) 0.14075
10.28) 0.14076
10.29) 0.14076
10.3) 0.14076
10.31) 0.14075
10.32) 0.14076
10.33) 0.14076
10.34) 0.14076
10.35) 0.14076
10.36) 0.14076
10.37) 0.14075
10.38) 0.14076
10.39) 0.14075
10.4) 0.14075
10.41) 0.14075
10.42) 0.14075
10.43) 0.14074
10.44) 0.14074
10.45) 0.14074
10.46) 0.14074
10.47) 0.14074
10.48) 0.14074
10.49) 0.14074
10.5) 0.14074
10.51) 0.14074
10.52) 0.14073
10.53) 0.14073
10.54) 0.14074
10.55) 0.14074
10.56) 0.14074
10.57) 0.14074
10.58) 0.14074
10.59) 0.14074
10.6) 0.14073
10.61) 0.14073
10.62) 0.14073
10.63) 0.14074
10.64) 0.14073
10.65) 0.14073
10.66) 0.14073
10.67) 0.14073
10.68) 0.14073
10.69) 0.14073
10.71) 0.14073
10.71) 0.14073
10.72) 0.14073
10.73) 0.14072
10.74) 0.14073
10.75) 0.14072
10.76) 0.14073
10.77) 0.14073
10.78) 0.14073
10.79) 0.14073
10.8) 0.14073
10.81) 0.14073
10.82) 0.14074
10.83) 0.14074
10.84) 0.14073
10.85) 0.14073
10.86) 0.14073
10.87) 0.14073
10.88) 0.14073
10.89) 0.14073
10.9) 0.14073
10.91) 0.14073
10.92) 0.14073
10.93) 0.14073
10.94) 0.14073
10.95) 0.14073
10.96) 0.14073
10.97) 0.14073
10.98) 0.14073
10.99) 0.14073
11.0) 0.14073
11.01) 0.14073
11.02) 0.14072
11.03) 0.14072
11.04) 0.14072
11.05) 0.14072
11.06) 0.14072
11.07) 0.14072
11.08) 0.14072
11.09) 0.14072
11.1) 0.14072
11.11) 0.14072
11.12) 0.14072
11.13) 0.14072
11.14) 0.14072
11.15) 0.14072
11.16) 0.14072
11.17) 0.14072
11.18) 0.14072
11.19) 0.14072
11.21) 0.14072
11.21) 0.14072
11.22) 0.14072
11.23) 0.14072
11.24) 0.14072
11.25) 0.14072
11.26) 0.14072
11.27) 0.14071
11.28) 0.14072
11.29) 0.14072
11.3) 0.14072
11.31) 0.14072
11.32) 0.14072
11.33) 0.14072
11.34) 0.14072
11.35) 0.14072
11.36) 0.14072
11.37) 0.14072
11.38) 0.14072
11.39) 0.14072
11.4) 0.14072
11.41) 0.14072
11.42) 0.14072
11.43) 0.14072
11.44) 0.14072
11.45) 0.14072
11.46) 0.14072
11.47) 0.14072
11.48) 0.14072
11.49) 0.14072
11.5) 0.14072
11.51) 0.14072
11.52) 0.14072
11.53) 0.14072
11.54) 0.14072
11.55) 0.14072
11.56) 0.14072
11.57) 0.14072
11.58) 0.14072
11.59) 0.14072
11.6) 0.14072
11.61) 0.14072
11.62) 0.14073
11.63) 0.14072
11.64) 0.14072
11.65) 0.14072
11.66) 0.14072
11.67) 0.14072
11.68) 0.14073
11.69) 0.14073
11.71) 0.14073
11.71) 0.14073
11.72) 0.14073
11.73) 0.14073
11.74) 0.14073
11.75) 0.14073
11.76) 0.14072
11.77) 0.14073
11.78) 0.14073
11.79) 0.14073
11.8) 0.14073
11.81) 0.14072
11.82) 0.14073
11.83) 0.14073
11.84) 0.14073
11.85) 0.14073
11.86) 0.14073
11.87) 0.14073
11.88) 0.14073
11.89) 0.14073
11.9) 0.14073
11.91) 0.14073
11.92) 0.14073
11.93) 0.14073
11.94) 0.14073
11.95) 0.14073
11.96) 0.14073
11.97) 0.14073
11.98) 0.14073
11.99) 0.14073
12.0) 0.14073
12.01) 0.14073
12.02) 0.14073
12.03) 0.14073
12.04) 0.14073
12.05) 0.14073
12.06) 0.14073
12.07) 0.14073
12.08) 0.14073
12.09) 0.14073
12.1) 0.14073
12.11) 0.14073
12.12) 0.14073
12.13) 0.14072
12.14) 0.14073
12.15) 0.14073
12.16) 0.14073
12.17) 0.14073
12.18) 0.14073
12.19) 0.14073
12.21) 0.14073
12.21) 0.14073
12.22) 0.14073
12.23) 0.14073
12.24) 0.14072
12.25) 0.14072
12.26) 0.14072
12.27) 0.14072
12.28) 0.14072
12.29) 0.14072
12.3) 0.14071
12.31) 0.14072
12.32) 0.14072
12.33) 0.14071
12.34) 0.14071
12.35) 0.14071
12.36) 0.14071
12.37) 0.14071
12.38) 0.1407
12.39) 0.1407
12.4) 0.1407
12.41) 0.1407
12.42) 0.1407
12.43) 0.1407
12.44) 0.1407
12.45) 0.14069
12.46) 0.1407
12.47) 0.1407
12.48) 0.1407
12.49) 0.1407
12.5) 0.1407
12.51) 0.1407
12.52) 0.1407
12.53) 0.14071
12.54) 0.14071
12.55) 0.14071
12.56) 0.1407
12.57) 0.1407
12.58) 0.1407
12.59) 0.1407
12.6) 0.1407
12.61) 0.1407
12.62) 0.1407
12.63) 0.14071
12.64) 0.1407
12.65) 0.1407
12.66) 0.1407
12.67) 0.1407
12.68) 0.1407
12.69) 0.1407
12.71) 0.1407
12.71) 0.1407
12.72) 0.1407
12.73) 0.1407
12.74) 0.1407
12.75) 0.14069
12.76) 0.14069
12.77) 0.1407
12.78) 0.1407
12.79) 0.1407
12.8) 0.1407
12.81) 0.1407
12.82) 0.14069
12.83) 0.1407
12.84) 0.14069
12.85) 0.14069
12.86) 0.1407
12.87) 0.14069
12.88) 0.1407
12.89) 0.14069
12.9) 0.14069
12.91) 0.14069
12.92) 0.14069
12.93) 0.14069
12.94) 0.14069
12.95) 0.14069
12.96) 0.14069
12.97) 0.1407
12.98) 0.14069
12.99) 0.14069
13.0) 0.14069
13.01) 0.14068
13.02) 0.14068
13.03) 0.14068
13.04) 0.14067
13.05) 0.14068
13.06) 0.14067
13.07) 0.14067
13.08) 0.14067
13.09) 0.14067
13.1) 0.14067
13.11) 0.14067
13.12) 0.14067
13.13) 0.14067
13.14) 0.14066
13.15) 0.14066
13.16) 0.14066
13.17) 0.14066
13.18) 0.14066
13.19) 0.14066
13.21) 0.14066
13.21) 0.14066
13.22) 0.14065
13.23) 0.14065
13.24) 0.14065
13.25) 0.14065
13.26) 0.14065
13.27) 0.14065
13.28) 0.14065
13.29) 0.14064
13.3) 0.14064
13.31) 0.14063
13.32) 0.14063
13.33) 0.14064
13.34) 0.14063
13.35) 0.14063
13.36) 0.14063
13.37) 0.14062
13.38) 0.14062
13.39) 0.14062
13.4) 0.14062
13.41) 0.14062
13.42) 0.14062
13.43) 0.14062
13.44) 0.14062
13.45) 0.14062
13.46) 0.14063
13.47) 0.14063
13.48) 0.14063
13.49) 0.14063
13.5) 0.14064
13.51) 0.14064
13.52) 0.14064
13.53) 0.14064
13.54) 0.14063
13.55) 0.14063
13.56) 0.14063
13.57) 0.14064
13.58) 0.14064
13.59) 0.14064
13.6) 0.14065
13.61) 0.14065
13.62) 0.14065
13.63) 0.14065
13.64) 0.14065
13.65) 0.14065
13.66) 0.14065
13.67) 0.14066
13.68) 0.14067
13.69) 0.14066
13.71) 0.14067
13.71) 0.14067
13.72) 0.14066
13.73) 0.14066
13.74) 0.14065
13.75) 0.14065
13.76) 0.14066
13.77) 0.14065
13.78) 0.14065
13.79) 0.14065
13.8) 0.14065
13.81) 0.14065
13.82) 0.14064
13.83) 0.14065
13.84) 0.14065
13.85) 0.14064
13.86) 0.14063
13.87) 0.14064
13.88) 0.14064
13.89) 0.14063
13.9) 0.14064
13.91) 0.14064
13.92) 0.14065
13.93) 0.14065
13.94) 0.14065
13.95) 0.14066
13.96) 0.14065
13.97) 0.14065
13.98) 0.14064
13.99) 0.14065
14.0) 0.14065
14.01) 0.14065
14.02) 0.14065
14.03) 0.14065
14.04) 0.14064
14.05) 0.14064
14.06) 0.14064
14.07) 0.14064
14.08) 0.14063
14.09) 0.14063
14.1) 0.14063
14.11) 0.14063
14.12) 0.14063
14.13) 0.14063
14.14) 0.14063
14.15) 0.14063
14.16) 0.14064
14.17) 0.14065
14.18) 0.14065
14.19) 0.14064
14.21) 0.14064
14.21) 0.14064
14.22) 0.14065
14.23) 0.14065
14.24) 0.14066
14.25) 0.14066
14.26) 0.14067
14.27) 0.14067
14.28) 0.14068
14.29) 0.14067
14.3) 0.14067
14.31) 0.14067
14.32) 0.14068
14.33) 0.14068
14.34) 0.14068
14.35) 0.14069
14.36) 0.14068
14.37) 0.14068
14.38) 0.14068
14.39) 0.14068
14.4) 0.14068
14.41) 0.14068
14.42) 0.14068
14.43) 0.14069
14.44) 0.14069
14.45) 0.14069
14.46) 0.14069
14.47) 0.14069
14.48) 0.14069
14.49) 0.14068
14.5) 0.14068
14.51) 0.14069
14.52) 0.14068
14.53) 0.14068
14.54) 0.14068
14.55) 0.14068
14.56) 0.14069
14.57) 0.14068
14.58) 0.14069
14.59) 0.14068
14.6) 0.14068
14.61) 0.14068
14.62) 0.14068
14.63) 0.14068
14.64) 0.14069
14.65) 0.14069
14.66) 0.14069
14.67) 0.14069
14.68) 0.14069
14.69) 0.14068
14.71) 0.14069
14.71) 0.14069
14.72) 0.14069
14.73) 0.1407
14.74) 0.1407
14.75) 0.1407
14.76) 0.1407
14.77) 0.1407
14.78) 0.14069
14.79) 0.1407
14.8) 0.1407
14.81) 0.1407
14.82) 0.1407
14.83) 0.1407
14.84) 0.1407
14.85) 0.1407
14.86) 0.1407
14.87) 0.1407
14.88) 0.1407
14.89) 0.1407
14.9) 0.1407
14.91) 0.1407
14.92) 0.1407
14.93) 0.1407
14.94) 0.1407
14.95) 0.14071
14.96) 0.1407
14.97) 0.1407
14.98) 0.14071
14.99) 0.1407
15.0) 0.14071
15.01) 0.14071
15.02) 0.1407
15.03) 0.1407
15.04) 0.14071
15.05) 0.14071
15.06) 0.14071
15.07) 0.14071
15.08) 0.14071
15.09) 0.14071
15.1) 0.14071
15.11) 0.14071
15.12) 0.14071
15.13) 0.14071
15.14) 0.14071
15.15) 0.14071
15.16) 0.14071
15.17) 0.14071
15.18) 0.14071
15.19) 0.14071
15.21) 0.14071
15.21) 0.14071
15.22) 0.14071
15.23) 0.14071
15.24) 0.1407
15.25) 0.1407
15.26) 0.1407
15.27) 0.1407
15.28) 0.1407
15.29) 0.1407
15.3) 0.1407
15.31) 0.1407
15.32) 0.1407
15.33) 0.1407
15.34) 0.1407
15.35) 0.1407
15.36) 0.1407
15.37) 0.1407
15.38) 0.1407
15.39) 0.1407
15.4) 0.1407
15.41) 0.1407
15.42) 0.1407
15.43) 0.1407
15.44) 0.1407
15.45) 0.1407
15.46) 0.1407
15.47) 0.1407
15.48) 0.14071
15.49) 0.1407
15.5) 0.1407
15.51) 0.14071
15.52) 0.14071
15.53) 0.14071
15.54) 0.14072
15.55) 0.14072
15.56) 0.14073
15.57) 0.14073
15.58) 0.14073
15.59) 0.14073
15.6) 0.14073
15.61) 0.14073
15.62) 0.14073
15.63) 0.14073
15.64) 0.14073
15.65) 0.14073
15.66) 0.14073
15.67) 0.14073
15.68) 0.14073
15.69) 0.14073
15.71) 0.14073
15.71) 0.14073
15.72) 0.14073
15.73) 0.14073
15.74) 0.14073
15.75) 0.14073
15.76) 0.14073
15.77) 0.14073
15.78) 0.14072
15.79) 0.14072
15.8) 0.14072
15.81) 0.14072
15.82) 0.14071
15.83) 0.14071
15.84) 0.14071
15.85) 0.14072
15.86) 0.14072
15.87) 0.14072
15.88) 0.14072
15.89) 0.14072
15.9) 0.14072
15.91) 0.14071
15.92) 0.14071
15.93) 0.14072
15.94) 0.14072
15.95) 0.14071
15.96) 0.14072
15.97) 0.14072
15.98) 0.14072
15.99) 0.14072
16.0) 0.14072
16.01) 0.14072
16.02) 0.14072
16.03) 0.14072
16.04) 0.14072
16.05) 0.14072
16.06) 0.14072
16.07) 0.14072
16.08) 0.14072
16.09) 0.14072
16.1) 0.14072
16.11) 0.14072
16.12) 0.14072
16.13) 0.14072
16.14) 0.14072
16.15) 0.14072
16.16) 0.14072
16.17) 0.14072
16.18) 0.14072
16.19) 0.14072
16.2) 0.14071
16.21) 0.14072
16.22) 0.14072
16.23) 0.14071
16.24) 0.14072
16.25) 0.14072
16.26) 0.14072
16.27) 0.14071
16.28) 0.14072
16.29) 0.14072
16.3) 0.14072
16.31) 0.14072
16.32) 0.14072
16.33) 0.14072
16.34) 0.14072
16.35) 0.14072
16.36) 0.14072
16.37) 0.14072
16.38) 0.14072
16.39) 0.14072
16.4) 0.14072
16.41) 0.14072
16.42) 0.14072
16.43) 0.14072
16.44) 0.14072
16.45) 0.14072
16.46) 0.14072
16.47) 0.14071
16.48) 0.14072
16.49) 0.14072
16.5) 0.14072
16.51) 0.14072
16.52) 0.14072
16.53) 0.14073
16.54) 0.14073
16.55) 0.14073
16.56) 0.14073
16.57) 0.14072
16.58) 0.14072
16.59) 0.14072
16.6) 0.14072
16.61) 0.14073
16.62) 0.14072
16.63) 0.14072
16.64) 0.14073
16.65) 0.14072
16.66) 0.14072
16.67) 0.14072
16.68) 0.14072
16.69) 0.14072
16.7) 0.14072
16.71) 0.14072
16.72) 0.14072
16.73) 0.14073
16.74) 0.14073
16.75) 0.14073
16.76) 0.14073
16.77) 0.14072
16.78) 0.14072
16.79) 0.14072
16.8) 0.14072
16.81) 0.14072
16.82) 0.14072
16.83) 0.14072
16.84) 0.14073
16.85) 0.14072
16.86) 0.14073
16.87) 0.14073
16.88) 0.14073
16.89) 0.14073
16.9) 0.14072
16.91) 0.14072
16.92) 0.14072
16.93) 0.14073
16.94) 0.14073
16.95) 0.14073
16.96) 0.14073
16.97) 0.14073
16.98) 0.14072
16.99) 0.14072
17.0) 0.14072
17.01) 0.14072
17.02) 0.14072
17.03) 0.14072
17.04) 0.14072
17.05) 0.14072
17.06) 0.14073
17.07) 0.14073
17.08) 0.14073
17.09) 0.14073
17.1) 0.14073
17.11) 0.14073
17.12) 0.14073
17.13) 0.14073
17.14) 0.14073
17.15) 0.14073
17.16) 0.14073
17.17) 0.14074
17.18) 0.14074
17.19) 0.14073
17.2) 0.14073
17.21) 0.14073
17.22) 0.14073
17.23) 0.14073
17.24) 0.14073
17.25) 0.14073
17.26) 0.14073
17.27) 0.14072
17.28) 0.14072
17.29) 0.14073
17.3) 0.14072
17.31) 0.14072
17.32) 0.14073
17.33) 0.14073
17.34) 0.14073
17.35) 0.14073
17.36) 0.14073
17.37) 0.14074
17.38) 0.14074
17.39) 0.14073
17.42) 0.14073
17.41) 0.14073
17.42) 0.14074
17.43) 0.14073
17.44) 0.14074
17.45) 0.14073
17.46) 0.14073
17.47) 0.14073
17.48) 0.14073
17.49) 0.14073
17.5) 0.14073
17.51) 0.14073
17.52) 0.14073
17.53) 0.14073
17.54) 0.14073
17.55) 0.14073
17.56) 0.14072
17.57) 0.14072
17.58) 0.14072
17.59) 0.14072
17.6) 0.14072
17.61) 0.14072
17.62) 0.14072
17.63) 0.14072
17.64) 0.14072
17.65) 0.14072
17.66) 0.14071
17.67) 0.14071
17.68) 0.14071
17.69) 0.14071
17.7) 0.14071
17.71) 0.1407
17.72) 0.1407
17.73) 0.1407
17.74) 0.14069
17.75) 0.14069
17.76) 0.14069
17.77) 0.14069
17.78) 0.14069
17.79) 0.14069
17.8) 0.14069
17.81) 0.14069
17.82) 0.14069
17.83) 0.14068
17.84) 0.14068
17.85) 0.14068
17.86) 0.14068
17.87) 0.14068
17.88) 0.14068
17.89) 0.14069
17.92) 0.14068
17.91) 0.14068
17.92) 0.14069
17.93) 0.14068
17.94) 0.14068
17.95) 0.14068
17.96) 0.14068
17.97) 0.14068
17.98) 0.14068
17.99) 0.14068
18.0) 0.14068
18.01) 0.14068
18.02) 0.14069
18.03) 0.14069
18.04) 0.14068
18.05) 0.14068
18.06) 0.14068
18.07) 0.14068
18.08) 0.14068
18.09) 0.14068
18.1) 0.14069
18.11) 0.14068
18.12) 0.14068
18.13) 0.14068
18.14) 0.14069
18.15) 0.14069
18.16) 0.14069
18.17) 0.1407
18.18) 0.1407
18.19) 0.1407
18.2) 0.1407
18.21) 0.1407
18.22) 0.14069
18.23) 0.14068
18.24) 0.14068
18.25) 0.14068
18.26) 0.14068
18.27) 0.14067
18.28) 0.14067
18.29) 0.14066
18.3) 0.14066
18.31) 0.14066
18.32) 0.14066
18.33) 0.14066
18.34) 0.14066
18.35) 0.14066
18.36) 0.14066
18.37) 0.14065
18.38) 0.14065
18.39) 0.14066
18.42) 0.14066
18.41) 0.14067
18.42) 0.14067
18.43) 0.14066
18.44) 0.14065
18.45) 0.14066
18.46) 0.14066
18.47) 0.14066
18.48) 0.14065
18.49) 0.14065
18.5) 0.14065
18.51) 0.14064
18.52) 0.14064
18.53) 0.14064
18.54) 0.14064
18.55) 0.14065
18.56) 0.14064
18.57) 0.14064
18.58) 0.14064
18.59) 0.14064
18.6) 0.14063
18.61) 0.14063
18.62) 0.14063
18.63) 0.14063
18.64) 0.14063
18.65) 0.14064
18.66) 0.14064
18.67) 0.14064
18.68) 0.14064
18.69) 0.14064
18.7) 0.14064
18.71) 0.14064
18.72) 0.14064
18.73) 0.14063
18.74) 0.14063
18.75) 0.14063
18.76) 0.14063
18.77) 0.14063
18.78) 0.14063
18.79) 0.14063
18.8) 0.14063
18.81) 0.14063
18.82) 0.14063
18.83) 0.14063
18.84) 0.14063
18.85) 0.14063
18.86) 0.14063
18.87) 0.14063
18.88) 0.14064
18.89) 0.14064
18.92) 0.14064
18.91) 0.14064
18.92) 0.14064
18.93) 0.14064
18.94) 0.14064
18.95) 0.14064
18.96) 0.14064
18.97) 0.14064
18.98) 0.14065
18.99) 0.14065
19.0) 0.14065
19.01) 0.14065
19.02) 0.14065
19.03) 0.14065
19.04) 0.14065
19.05) 0.14065
19.06) 0.14065
19.07) 0.14065
19.08) 0.14065
19.09) 0.14066
19.1) 0.14066
19.11) 0.14065
19.12) 0.14065
19.13) 0.14065
19.14) 0.14065
19.15) 0.14065
19.16) 0.14065
19.17) 0.14065
19.18) 0.14065
19.19) 0.14065
19.2) 0.14064
19.21) 0.14064
19.22) 0.14064
19.23) 0.14064
19.24) 0.14064
19.25) 0.14064
19.26) 0.14064
19.27) 0.14064
19.28) 0.14064
19.29) 0.14064
19.3) 0.14064
19.31) 0.14064
19.32) 0.14064
19.33) 0.14063
19.34) 0.14063
19.35) 0.14063
19.36) 0.14063
19.37) 0.14063
19.38) 0.14064
19.39) 0.14064
19.42) 0.14064
19.41) 0.14064
19.42) 0.14064
19.43) 0.14064
19.44) 0.14063
19.45) 0.14064
19.46) 0.14064
19.47) 0.14063
19.48) 0.14063
19.49) 0.14063
19.5) 0.14063
19.51) 0.14062
19.52) 0.14063
19.53) 0.14063
19.54) 0.14063
19.55) 0.14063
19.56) 0.14064
19.57) 0.14064
19.58) 0.14064
19.59) 0.14063
19.6) 0.14063
19.61) 0.14063
19.62) 0.14063
19.63) 0.14063
19.64) 0.14062
19.65) 0.14062
19.66) 0.14062
19.67) 0.14062
19.68) 0.14062
19.69) 0.14062
19.7) 0.14063
19.71) 0.14063
19.72) 0.14063
19.73) 0.14063
19.74) 0.14063
19.75) 0.14063
19.76) 0.14063
19.77) 0.14062
19.78) 0.14062
19.79) 0.14063
19.8) 0.14062
19.81) 0.14062
19.82) 0.14062
19.83) 0.14062
19.84) 0.14062
19.85) 0.14062
19.86) 0.14062
19.87) 0.14062
19.88) 0.14062
19.89) 0.14061
19.92) 0.14061
19.91) 0.14061
19.92) 0.14061
19.93) 0.14061
19.94) 0.14061
19.95) 0.14061
19.96) 0.14061
19.97) 0.14061
19.98) 0.14061
19.99) 0.14061
20.0) 0.14061
