0.0) 1.5
0.01) 1.49991
0.02) 1.49963
0.03) 1.49916
0.04) 1.4985
0.05) 1.49766
0.06) 1.49663
0.07) 1.49542
0.08) 1.49402
0.09) 1.49244
0.1) 1.49067
0.11) 1.48872
0.12) 1.48659
0.13) 1.48428
0.14) 1.48179
0.15) 1.47912
0.16) 1.47628
0.17) 1.47326
0.18) 1.47007
0.19) 1.46671
0.2) 1.46318
0.21) 1.45949
0.22) 1.45563
0.23) 1.45161
0.24) 1.44743
0.25) 1.44309
0.26) 1.43859
0.27) 1.43394
0.28) 1.42914
0.29) 1.42419
0.3) 1.41909
0.31) 1.41385
0.32) 1.40847
0.33) 1.40295
0.34) 1.39729
0.3503) 1.3915
0.36) 1.38558
0.37) 1.37953
0.38) 1.37336
0.39) 1.36706
0.4) 1.36065
0.4103) 1.35412
0.42) 1.34748
0.43) 1.34073
0.44) 1.33387
0.45) 1.32691
0.46) 1.31985
0.4703) 1.31269
0.48) 1.30543
0.49) 1.29808
0.5) 1.29064
0.51) 1.28312
0.52) 1.27551
0.53) 1.26782
0.54) 1.26006
0.55) 1.25222
0.56) 1.24431
0.571) 1.23633
0.58) 1.22829
0.59) 1.22019
0.6) 1.21203
0.61) 1.20381
0.62) 1.19553
0.63) 1.1872
0.64) 1.17882
0.65) 1.1704
0.66) 1.16194
0.67) 1.15343
0.68) 1.14489
0.691) 1.13631
0.701) 1.1277
0.71) 1.11906
0.72) 1.11039
0.73) 1.10169
0.74) 1.09297
0.75) 1.08423
0.76) 1.07547
0.77) 1.06669
0.78) 1.0579
0.79) 1.04909
0.8) 1.04027
0.81) 1.03145
0.821) 1.02262
0.831) 1.01378
0.84) 1.00494
0.85) 0.9961
0.86) 0.98726
0.87) 0.97842
0.88) 0.96959
0.89) 0.96076
0.9) 0.95194
0.91) 0.94313
0.92) 0.93433
0.93) 0.92554
0.941) 0.91677
0.951) 0.90801
0.96) 0.89927
0.97) 0.89054
0.98) 0.88183
0.99) 0.87314
1.0) 0.86447
1.01) 0.85582
1.02) 0.8472
1.03) 0.8386
1.04) 0.83003
1.05) 0.82148
1.06) 0.81296
1.07) 0.80447
1.08) 0.796
1.09) 0.78756
1.1) 0.77915
1.11) 0.77077
1.12) 0.76243
1.131) 0.75412
1.141) 0.74584
1.151) 0.73759
1.16) 0.72938
1.17) 0.7212
1.18) 0.71306
1.19) 0.70495
1.2) 0.69688
1.21) 0.68884
1.22) 0.68084
1.23) 0.67287
1.24) 0.66494
1.25) 0.65705
1.26) 0.6492
1.27) 0.64138
1.28) 0.6336
1.29) 0.62586
1.3) 0.61816
1.31) 0.6105
1.32) 0.60287
1.33) 0.59528
1.34) 0.58773
1.35) 0.58022
1.36) 0.57275
1.37) 0.56532
1.381) 0.55792
1.391) 0.55056
1.401) 0.54324
1.41) 0.53596
1.42) 0.52872
1.43) 0.52152
1.44) 0.51435
1.45) 0.50722
1.46) 0.50013
1.47) 0.49308
1.48) 0.48606
1.49) 0.47908
1.5) 0.47214
1.51) 0.46523
1.52) 0.45836
1.53) 0.45153
1.54) 0.44473
1.55) 0.43797
1.56) 0.43124
1.57) 0.42455
1.58) 0.41789
1.59) 0.41127
1.6) 0.40468
1.61) 0.39813
1.62) 0.39161
1.631) 0.38512
1.641) 0.37867
1.651) 0.37225
1.661) 0.36586
1.67) 0.3595
1.68) 0.35317
1.69) 0.34687
1.7) 0.3406
1.71) 0.33437
1.72) 0.32816
1.73) 0.32198
1.74) 0.31583
1.75) 0.30971
1.76) 0.30362
1.77) 0.29756
1.78) 0.29152
1.79) 0.28551
1.8) 0.27953
1.81) 0.27357
1.82) 0.26764
1.83) 0.26173
1.84) 0.25585
1.85) 0.24999
1.86) 0.24415
1.87) 0.23834
1.881) 0.23255
1.891) 0.22678
1.901) 0.22103
1.911) 0.2153
1.92) 0.20959
1.93) 0.20391
1.94) 0.19824
1.95) 0.19259
1.96) 0.18696
1.97) 0.18135
1.98) 0.17576
1.99) 0.17018
2.0) 0.16462
2.012) 0.15908
2.02) 0.15355
2.032) 0.14804
2.04) 0.14254
2.05) 0.13706
2.06) 0.13159
2.07) 0.12613
2.08) 0.12069
2.09) 0.11526
2.1) 0.10984
2.11) 0.10443
2.12) 0.09903
2.13) 0.09364
2.14) 0.08826
2.15) 0.08289
2.16) 0.07753
2.17) 0.07217
2.18) 0.06682
2.19) 0.06148
2.2) 0.05614
2.21) 0.05081
2.22) 0.04548
2.23) 0.04016
2.24) 0.03484
2.25) 0.02953
2.262) 0.02422
2.27) 0.01891
2.282) 0.0136
2.29) 0.00829
2.303) 0.00299
2.31) -0.00231
2.32) -0.00761
2.33) -0.01292
2.34) -0.01823
2.35) -0.02354
2.36) -0.02885
2.37) -0.03416
2.38) -0.03948
2.39) -0.0448
2.4) -0.05013
2.41) -0.05546
2.42) -0.0608
2.43) -0.06614
2.44) -0.07149
2.45) -0.07685
2.46) -0.08221
2.47) -0.08758
2.48) -0.09296
2.49) -0.09835
2.5) -0.10375
2.512) -0.10916
2.52) -0.11458
2.532) -0.12001
2.54) -0.12545
2.553) -0.13091
2.56) -0.13638
2.57) -0.14186
2.58) -0.14736
2.59) -0.15287
2.6) -0.1584
2.61) -0.16394
2.62) -0.1695
2.63) -0.17507
2.64) -0.18066
2.65) -0.18627
2.66) -0.1919
2.67) -0.19754
2.68) -0.2032
2.69) -0.20888
2.7) -0.21458
2.71) -0.2203
2.72) -0.22604
2.73) -0.23181
2.74) -0.2376
2.75) -0.24341
2.762) -0.24924
2.77) -0.2551
2.782) -0.26098
2.79) -0.26688
2.803) -0.27281
2.81) -0.27876
2.82) -0.28474
2.83) -0.29075
2.84) -0.29678
2.85) -0.30284
2.86) -0.30893
2.87) -0.31504
2.88) -0.32118
2.89) -0.32735
2.9) -0.33355
2.91) -0.33978
2.92) -0.34604
2.93) -0.35233
2.94) -0.35865
2.95) -0.365
2.96) -0.37139
2.97) -0.37781
2.98) -0.38426
2.99) -0.39074
3.0) -0.39726
3.012) -0.40381
3.02) -0.41039
3.032) -0.41701
3.04) -0.42366
3.053) -0.43035
3.06) -0.43707
3.073) -0.44383
3.08) -0.45062
3.09) -0.45745
3.1) -0.46431
3.11) -0.47121
3.12) -0.47815
3.13) -0.48512
3.14) -0.49213
3.15) -0.49918
3.16) -0.50627
3.17) -0.51339
3.18) -0.52055
3.19) -0.52775
3.2) -0.53499
3.21) -0.54227
3.22) -0.54958
3.23) -0.55693
3.24) -0.56432
3.25) -0.57175
3.262) -0.57922
3.27) -0.58673
3.282) -0.59427
3.29) -0.60185
3.303) -0.60947
3.31) -0.61713
3.323) -0.62483
3.33) -0.63257
3.34) -0.64034
3.35) -0.64815
3.36) -0.656
3.37) -0.66389
3.38) -0.67181
3.39) -0.67977
3.4) -0.68777
3.41) -0.6958
3.42) -0.70387
3.43) -0.71197
3.44) -0.72011
3.45) -0.72828
3.46) -0.73649
3.47) -0.74473
3.48) -0.75301
3.49) -0.76132
3.5) -0.76966
3.512) -0.77803
3.52) -0.78643
3.532) -0.79486
3.54) -0.80332
3.553) -0.81181
3.56) -0.82033
3.573) -0.82887
3.58) -0.83744
3.59) -0.84604
3.6) -0.85466
3.61) -0.8633
3.62) -0.87196
3.63) -0.88065
3.64) -0.88936
3.65) -0.89808
3.66) -0.90682
3.67) -0.91558
3.68) -0.92435
3.69) -0.93314
3.7) -0.94194
3.71) -0.95075
3.72) -0.95957
3.73) -0.9684
3.74) -0.97723
3.75) -0.98607
3.762) -0.99491
3.77) -1.00375
3.782) -1.01259
3.79) -1.02143
3.803) -1.03026
3.81) -1.03909
3.823) -1.04791
3.83) -1.05672
3.84) -1.06551
3.85) -1.07429
3.86) -1.08305
3.87) -1.09179
3.88) -1.10051
3.89) -1.10921
3.9) -1.11788
3.91) -1.12653
3.92) -1.13515
3.93) -1.14373
3.94) -1.15228
3.95) -1.16079
3.96) -1.16926
3.97) -1.17769
3.98) -1.18607
3.99) -1.1944
4.0) -1.20268
4.01) -1.21091
4.025) -1.21908
4.03) -1.22719
4.04) -1.23524
4.05) -1.24323
4.065) -1.25115
4.07) -1.259
4.08) -1.26677
4.09) -1.27447
4.1) -1.28209
4.11) -1.28963
4.12) -1.29708
4.13) -1.30444
4.14) -1.31171
4.15) -1.31889
4.16) -1.32597
4.17) -1.33295
4.18) -1.33982
4.19) -1.34659
4.2) -1.35325
4.21) -1.3598
4.22) -1.36623
4.23) -1.37254
4.24) -1.37873
4.25) -1.3848
4.26) -1.39074
4.275) -1.39655
4.28) -1.40223
4.29) -1.40777
4.3) -1.41317
4.315) -1.41843
4.32) -1.42355
4.33) -1.42852
4.34) -1.43334
4.355) -1.43801
4.36) -1.44253
4.37) -1.44689
4.38) -1.45109
4.39) -1.45513
4.4) -1.45901
4.41) -1.46273
4.42) -1.46628
4.43) -1.46966
4.44) -1.47287
4.45) -1.47591
4.46) -1.47877
4.47) -1.48146
4.48) -1.48397
4.49) -1.4863
4.5) -1.48845
4.51) -1.49042
4.525) -1.49221
4.53) -1.49382
4.54) -1.49524
4.55) -1.49648
4.565) -1.49753
4.57) -1.4984
4.58) -1.49908
4.59) -1.49957
4.605) -1.49988
4.61) -1.5
4.62) -1.49993
4.63) -1.49967
4.64) -1.49923
4.65) -1.4986
4.66) -1.49778
4.67) -1.49678
4.68) -1.49559
4.69) -1.49422
4.7) -1.49266
4.71) -1.49092
4.72) -1.489
4.73) -1.48689
4.74) -1.4846
4.75) -1.48214
4.76) -1.4795
4.775) -1.47668
4.78) -1.47369
4.79) -1.47053
4.8) -1.46719
4.815) -1.46369
4.82) -1.46002
4.83) -1.45618
4.84) -1.45218
4.855) -1.44802
4.86) -1.4437
4.87) -1.43922
4.88) -1.43459
4.89) -1.42981
4.9) -1.42488
4.91) -1.4198
4.92) -1.41458
4.93) -1.40922
4.94) -1.40372
4.95) -1.39808
4.96) -1.39231
4.97) -1.38641
4.98) -1.38038
4.99) -1.37422
5.0) -1.36794
5.01) -1.36154
5.025) -1.35503
5.03) -1.3484
5.04) -1.34166
5.05) -1.33481
5.065) -1.32786
5.07) -1.32081
5.08) -1.31366
5.09) -1.30641
5.105) -1.29907
5.11) -1.29164
5.12) -1.28413
5.13) -1.27653
5.14) -1.26885
5.15) -1.2611
5.16) -1.25327
5.17) -1.24537
5.18) -1.2374
5.19) -1.22937
5.2) -1.22127
5.21) -1.21311
5.22) -1.2049
5.23) -1.19663
5.24) -1.18831
5.25) -1.17994
5.26) -1.17152
5.275) -1.16306
5.28) -1.15456
5.29) -1.14602
5.3) -1.13744
5.315) -1.12883
5.32) -1.12019
5.33) -1.11152
5.34) -1.10283
5.355) -1.09411
5.36) -1.08537
5.37) -1.07661
5.38) -1.06783
5.39) -1.05904
5.4) -1.05024
5.41) -1.04143
5.42) -1.03261
5.43) -1.02378
5.44) -1.01494
5.45) -1.0061
5.46) -0.99726
5.47) -0.98842
5.48) -0.97958
5.49) -0.97075
5.5) -0.96192
5.51) -0.9531
5.525) -0.94429
5.53) -0.93549
5.54) -0.9267
5.55) -0.91792
5.565) -0.90916
5.57) -0.90041
5.58) -0.89168
5.59) -0.88297
5.605) -0.87428
5.61) -0.86561
5.62) -0.85696
5.63) -0.84833
5.64) -0.83973
5.65) -0.83115
5.66) -0.8226
5.67) -0.81407
5.68) -0.80557
5.69) -0.7971
5.7) -0.78866
5.71) -0.78025
5.72) -0.77187
5.73) -0.76352
5.74) -0.7552
5.75) -0.74692
5.76) -0.73867
5.775) -0.73045
5.78) -0.72227
5.79) -0.71412
5.8) -0.70601
5.815) -0.69793
5.82) -0.68989
5.83) -0.68188
5.84) -0.67391
5.855) -0.66598
5.86) -0.65808
5.87) -0.65022
5.88) -0.6424
5.89) -0.63462
5.9) -0.62687
5.91) -0.61916
5.92) -0.61149
5.93) -0.60386
5.94) -0.59627
5.95) -0.58871
5.96) -0.58119
5.97) -0.57371
5.98) -0.56627
5.99) -0.55887
6.0) -0.55151
6.01) -0.54419
6.025) -0.5369
6.03) -0.52965
6.04) -0.52244
6.05) -0.51527
6.065) -0.50814
6.07) -0.50104
6.08) -0.49398
6.09) -0.48696
6.105) -0.47998
6.11) -0.47303
6.12) -0.46612
6.13) -0.45925
6.14) -0.45241
6.15) -0.44561
6.16) -0.43884
6.17) -0.43211
6.18) -0.42541
6.19) -0.41875
6.2) -0.41212
6.21) -0.40553
6.22) -0.39897
6.23) -0.39245
6.24) -0.38596
6.25) -0.3795
6.26) -0.37307
6.275) -0.36668
6.28) -0.36032
6.29) -0.35399
6.3) -0.34769
6.315) -0.34142
6.32) -0.33518
6.33) -0.32897
6.34) -0.32279
6.355) -0.31664
6.36) -0.31052
6.37) -0.30443
6.38) -0.29836
6.39) -0.29232
6.4) -0.28631
6.41) -0.28032
6.42) -0.27436
6.43) -0.26842
6.44) -0.26251
6.45) -0.25662
6.46) -0.25076
6.47) -0.24492
6.48) -0.2391
6.49) -0.23331
6.5) -0.22754
6.51) -0.22179
6.525) -0.21606
6.53) -0.21035
6.54) -0.20466
6.55) -0.19899
6.565) -0.19334
6.57) -0.18771
6.58) -0.1821
6.59) -0.17651
6.605) -0.17093
6.61) -0.16537
6.62) -0.15983
6.63) -0.1543
6.64) -0.14879
6.65) -0.14329
6.66) -0.1378
6.67) -0.13233
6.68) -0.12687
6.69) -0.12142
6.7) -0.11599
6.71) -0.11057
6.72) -0.10516
6.73) -0.09976
6.74) -0.09437
6.75) -0.08899
6.76) -0.08362
6.775) -0.07825
6.78) -0.07289
6.79) -0.06754
6.8) -0.0622
6.815) -0.05686
6.82) -0.05153
6.83) -0.0462
6.84) -0.04088
6.855) -0.03556
6.86) -0.03025
6.87) -0.02494
6.88) -0.01963
6.89) -0.01432
6.9) -0.00901
6.91) -0.00371
6.92) 0.00159
6.93) 0.00689
6.94) 0.0122
6.95) 0.01751
6.96) 0.02282
6.97) 0.02813
6.98) 0.03344
6.99) 0.03876
7.0) 0.04408
7.01) 0.0494
7.025) 0.05473
7.03) 0.06007
7.04) 0.06541
7.05) 0.07076
7.065) 0.07611
7.07) 0.08147
7.08) 0.08684
7.09) 0.09222
7.105) 0.09761
7.11) 0.10301
7.12) 0.10842
7.13) 0.11384
7.14) 0.11927
7.15) 0.12471
7.16) 0.13016
7.17) 0.13563
7.18) 0.14111
7.19) 0.1466
7.2) 0.15211
7.21) 0.15763
7.22) 0.16317
7.23) 0.16872
7.24) 0.17429
7.25) 0.17988
7.26) 0.18549
7.275) 0.19111
7.28) 0.19675
7.29) 0.20241
7.3) 0.20809
7.315) 0.21379
7.32) 0.21951
7.33) 0.22525
7.34) 0.23101
7.355) 0.23679
7.36) 0.2426
7.37) 0.24843
7.38) 0.25428
7.39) 0.26016
7.4) 0.26606
7.41) 0.27199
7.42) 0.27794
7.43) 0.28392
7.44) 0.28992
7.45) 0.29595
7.46) 0.30201
7.47) 0.30809
7.48) 0.3142
7.49) 0.32034
7.5) 0.32651
7.51) 0.33271
7.525) 0.33894
7.53) 0.3452
7.54) 0.35149
7.55) 0.35781
7.565) 0.36416
7.57) 0.37054
7.58) 0.37695
7.59) 0.3834
7.605) 0.38988
7.61) 0.39639
7.62) 0.40293
7.63) 0.40951
7.64) 0.41612
7.65) 0.42277
7.66) 0.42945
7.67) 0.43617
7.68) 0.44292
7.69) 0.44971
7.7) 0.45653
7.71) 0.46339
7.72) 0.47029
7.73) 0.47722
7.74) 0.48419
7.75) 0.4912
7.76) 0.49824
7.775) 0.50532
7.78) 0.51244
7.79) 0.5196
7.8) 0.52679
7.815) 0.53402
7.82) 0.54129
7.83) 0.5486
7.84) 0.55595
7.855) 0.56334
7.86) 0.57076
7.87) 0.57822
7.88) 0.58572
7.89) 0.59326
7.9) 0.60084
7.91) 0.60846
7.92) 0.61612
7.93) 0.62381
7.94) 0.63154
7.95) 0.63931
7.96) 0.64712
7.97) 0.65497
7.98) 0.66285
7.99) 0.67077
8.0) 0.67873
8.01) 0.68672
8.02) 0.69475
8.03) 0.70282
8.04) 0.71092
8.05) 0.71906
8.06) 0.72723
8.07) 0.73544
8.08) 0.74368
8.09) 0.75195
8.1) 0.76025
8.11) 0.76859
8.12) 0.77696
8.13) 0.78536
8.14) 0.79379
8.15) 0.80225
8.16) 0.81074
8.17) 0.81925
8.18) 0.82779
8.19) 0.83636
8.2) 0.84495
8.21) 0.85357
8.22) 0.86221
8.23) 0.87087
8.24) 0.87955
8.25) 0.88825
8.26) 0.89697
8.27) 0.90571
8.28) 0.91447
8.29) 0.92324
8.3) 0.93202
8.31) 0.94082
8.32) 0.94963
8.33) 0.95845
8.34) 0.96727
8.35) 0.9761
8.36) 0.98494
8.37) 0.99378
8.38) 1.00262
8.39) 1.01146
8.4) 1.0203
8.41) 1.02913
8.42) 1.03796
8.43) 1.04678
8.44) 1.05559
8.45) 1.06439
8.46) 1.07317
8.47) 1.08194
8.48) 1.09069
8.49) 1.09942
8.5) 1.10812
8.51) 1.1168
8.52) 1.12545
8.53) 1.13407
8.54) 1.14266
8.55) 1.15121
8.56) 1.15973
8.57) 1.16821
8.58) 1.17664
8.59) 1.18503
8.6) 1.19337
8.61) 1.20166
8.62) 1.2099
8.63) 1.21808
8.64) 1.2262
8.65) 1.23426
8.66) 1.24226
8.67) 1.25019
8.68) 1.25805
8.69) 1.26583
8.71) 1.27354
8.71) 1.28117
8.72) 1.28872
8.73) 1.29618
8.74) 1.30355
8.75) 1.31083
8.76) 1.31802
8.77) 1.32511
8.78) 1.3321
8.79) 1.33899
8.8) 1.34577
8.81) 1.35244
8.82) 1.359
8.83) 1.36544
8.84) 1.37177
8.85) 1.37798
8.86) 1.38406
8.87) 1.39001
8.88) 1.39584
8.89) 1.40153
8.9) 1.40709
8.91) 1.41251
8.92) 1.41779
8.93) 1.42293
8.94) 1.42792
8.95) 1.43276
8.96) 1.43745
8.97) 1.44199
8.98) 1.44637
8.99) 1.45059
9.0) 1.45465
9.01) 1.45855
9.02) 1.46229
9.03) 1.46586
9.04) 1.46926
9.05) 1.47249
9.06) 1.47555
9.07) 1.47844
9.08) 1.48115
9.09) 1.48368
9.1) 1.48604
9.11) 1.48822
9.12) 1.49022
9.13) 1.49203
9.14) 1.49366
9.15) 1.49511
9.16) 1.49637
9.17) 1.49745
9.18) 1.49834
9.19) 1.49904
9.21) 1.49956
9.21) 1.49989
9.22) 1.50003
9.23) 1.49998
9.24) 1.49975
9.25) 1.49933
9.26) 1.49872
9.27) 1.49793
9.28) 1.49695
9.29) 1.49578
9.3) 1.49443
9.31) 1.49289
9.32) 1.49117
9.33) 1.48927
9.34) 1.48719
9.35) 1.48493
9.36) 1.48249
9.37) 1.47987
9.38) 1.47707
9.39) 1.4741
9.4) 1.47096
9.41) 1.46764
9.42) 1.46416
9.43) 1.46051
9.44) 1.45669
9.45) 1.45271
9.46) 1.44857
9.47) 1.44427
9.48) 1.43981
9.49) 1.4352
9.5) 1.43044
9.51) 1.42553
9.52) 1.42047
9.53) 1.41526
9.54) 1.40991
9.55) 1.40442
9.56) 1.3988
9.57) 1.39304
9.58) 1.38715
9.59) 1.38113
9.6) 1.37499
9.61) 1.36872
9.62) 1.36234
9.63) 1.35584
9.64) 1.34923
9.65) 1.3425
9.66) 1.33567
9.67) 1.32873
9.68) 1.32169
9.69) 1.31455
9.71) 1.30732
9.71) 1.29999
9.72) 1.29257
9.73) 1.28507
9.74) 1.27748
9.75) 1.26981
9.76) 1.26206
9.77) 1.25424
9.78) 1.24635
9.79) 1.23839
9.8) 1.23036
9.81) 1.22227
9.82) 1.21412
9.83) 1.20591
9.84) 1.19765
9.85) 1.18933
9.86) 1.18097
9.87) 1.17256
9.88) 1.1641
9.89) 1.1556
9.9) 1.14706
9.91) 1.13849
9.92) 1.12988
9.93) 1.12124
9.94) 1.11257
9.95) 1.10388
9.96) 1.09516
9.97) 1.08642
9.98) 1.07766
9.99) 1.06889
10.0) 1.0601
10.01) 1.0513
10.02) 1.04249
10.03) 1.03367
10.04) 1.02484
10.05) 1.016
10.06) 1.00716
10.07) 0.99832
10.08) 0.98948
10.09) 0.98064
10.1) 0.97181
10.11) 0.96298
10.12) 0.95416
10.13) 0.94535
10.14) 0.93655
10.15) 0.92776
10.16) 0.91898
10.17) 0.91022
10.18) 0.90147
10.19) 0.89274
10.21) 0.88403
10.21) 0.87534
10.22) 0.86667
10.23) 0.85802
10.24) 0.84939
10.25) 0.84078
10.26) 0.8322
10.27) 0.82364
10.28) 0.81511
10.29) 0.80661
10.3) 0.79814
10.31) 0.78969
10.32) 0.78127
10.33) 0.77289
10.34) 0.76454
10.35) 0.75622
10.36) 0.74793
10.37) 0.73967
10.38) 0.73145
10.39) 0.72326
10.4) 0.71511
10.41) 0.70699
10.42) 0.69891
10.43) 0.69086
10.44) 0.68285
10.45) 0.67487
10.46) 0.66693
10.47) 0.65903
10.48) 0.65117
10.49) 0.64334
10.5) 0.63555
10.51) 0.6278
10.52) 0.62009
10.53) 0.61241
10.54) 0.60477
10.55) 0.59717
10.56) 0.58961
10.57) 0.58209
10.58) 0.57461
10.59) 0.56717
10.6) 0.55976
10.61) 0.55239
10.62) 0.54506
10.63) 0.53777
10.64) 0.53052
10.65) 0.52331
10.66) 0.51613
10.67) 0.50899
10.68) 0.50189
10.69) 0.49483
10.71) 0.4878
10.71) 0.48081
10.72) 0.47386
10.73) 0.46694
10.74) 0.46006
10.75) 0.45322
10.76) 0.44641
10.77) 0.43964
10.78) 0.4329
10.79) 0.4262
10.8) 0.41953
10.81) 0.4129
10.82) 0.4063
10.83) 0.39974
10.84) 0.39321
10.85) 0.38671
10.86) 0.38025
10.87) 0.37382
10.88) 0.36742
10.89) 0.36105
10.9) 0.35471
10.91) 0.34841
10.92) 0.34214
10.93) 0.3359
10.94) 0.32969
10.95) 0.32351
10.96) 0.31735
10.97) 0.31122
10.98) 0.30512
10.99) 0.29905
11.0) 0.29301
11.01) 0.28699
11.02) 0.281
11.03) 0.27504
11.04) 0.2691
11.05) 0.26319
11.06) 0.2573
11.07) 0.25143
11.08) 0.24559
11.09) 0.23977
11.1) 0.23397
11.11) 0.2282
11.12) 0.22245
11.13) 0.21672
11.14) 0.21101
11.15) 0.20532
11.16) 0.19965
11.17) 0.194
11.18) 0.18837
11.19) 0.18276
11.21) 0.17716
11.21) 0.17158
11.22) 0.16602
11.23) 0.16047
11.24) 0.15494
11.25) 0.14942
11.26) 0.14392
11.27) 0.13843
11.28) 0.13296
11.29) 0.1275
11.3) 0.12205
11.31) 0.11661
11.32) 0.11118
11.33) 0.10577
11.34) 0.10037
11.35) 0.09498
11.36) 0.0896
11.37) 0.08422
11.38) 0.07885
11.39) 0.07349
11.4) 0.06814
11.41) 0.06279
11.42) 0.05745
11.43) 0.05212
11.44) 0.04679
11.45) 0.04147
11.46) 0.03615
11.47) 0.03083
11.48) 0.02552
11.49) 0.02021
11.5) 0.0149
11.51) 0.00959
11.52) 0.00428
11.53) -0.00103
11.54) -0.00634
11.55) -0.01165
11.56) -0.01696
11.57) -0.02227
11.58) -0.02758
11.59) -0.03289
11.6) -0.03821
11.61) -0.04353
11.62) -0.04886
11.63) -0.05419
11.64) -0.05953
11.65) -0.06487
11.66) -0.07022
11.67) -0.07557
11.68) -0.08093
11.69) -0.0863
11.71) -0.09168
11.71) -0.09707
11.72) -0.10247
11.73) -0.10788
11.74) -0.1133
11.75) -0.11873
11.76) -0.12417
11.77) -0.12962
11.78) -0.13509
11.79) -0.14057
11.8) -0.14606
11.81) -0.15157
11.82) -0.15709
11.83) -0.16263
11.84) -0.16818
11.85) -0.17375
11.86) -0.17934
11.87) -0.18494
11.88) -0.19056
11.89) -0.1962
11.9) -0.20186
11.91) -0.20754
11.92) -0.21324
11.93) -0.21896
11.94) -0.2247
11.95) -0.23046
11.96) -0.23624
11.97) -0.24205
11.98) -0.24788
11.99) -0.25373
12.0) -0.2596
12.01) -0.2655
12.02) -0.27142
12.03) -0.27737
12.04) -0.28334
12.05) -0.28934
12.06) -0.29537
12.07) -0.30142
12.08) -0.3075
12.09) -0.31361
12.1) -0.31975
12.11) -0.32592
12.12) -0.33212
12.13) -0.33834
12.14) -0.34459
12.15) -0.35088
12.16) -0.3572
12.17) -0.36355
12.18) -0.36993
12.19) -0.37634
12.21) -0.38278
12.21) -0.38926
12.22) -0.39577
12.23) -0.40231
12.24) -0.40889
12.25) -0.4155
12.26) -0.42214
12.27) -0.42882
12.28) -0.43553
12.29) -0.44228
12.3) -0.44906
12.31) -0.45588
12.32) -0.46274
12.33) -0.46963
12.34) -0.47656
12.35) -0.48353
12.36) -0.49053
12.37) -0.49757
12.38) -0.50465
12.39) -0.51177
12.4) -0.51892
12.41) -0.52611
12.42) -0.53334
12.43) -0.54061
12.44) -0.54792
12.45) -0.55526
12.46) -0.56264
12.47) -0.57006
12.48) -0.57752
12.49) -0.58502
12.5) -0.59256
12.51) -0.60013
12.52) -0.60774
12.53) -0.61539
12.54) -0.62308
12.55) -0.63081
12.56) -0.63858
12.57) -0.64638
12.58) -0.65422
12.59) -0.6621
12.6) -0.67002
12.61) -0.67797
12.62) -0.68596
12.63) -0.69399
12.64) -0.70205
12.65) -0.71015
12.66) -0.71828
12.67) -0.72645
12.68) -0.73465
12.69) -0.74289
12.71) -0.75116
12.71) -0.75946
12.72) -0.76779
12.73) -0.77616
12.74) -0.78456
12.75) -0.79299
12.76) -0.80145
12.77) -0.80993
12.78) -0.81844
12.79) -0.82698
12.8) -0.83555
12.81) -0.84414
12.82) -0.85275
12.83) -0.86139
12.84) -0.87005
12.85) -0.87873
12.86) -0.88743
12.87) -0.89615
12.88) -0.90489
12.89) -0.91364
12.9) -0.92241
12.91) -0.93119
12.92) -0.93999
12.93) -0.9488
12.94) -0.95762
12.95) -0.96644
12.96) -0.97527
12.97) -0.98411
12.98) -0.99295
12.99) -1.00179
13.0) -1.01063
13.01) -1.01947
13.02) -1.0283
13.03) -1.03713
13.04) -1.04595
13.05) -1.05476
13.06) -1.06356
13.07) -1.07234
13.08) -1.08111
13.09) -1.08986
13.1) -1.09859
13.11) -1.1073
13.12) -1.11598
13.13) -1.12463
13.14) -1.13325
13.15) -1.14184
13.16) -1.1504
13.17) -1.15892
13.18) -1.1674
13.19) -1.17584
13.21) -1.18423
13.21) -1.19257
13.22) -1.20086
13.23) -1.2091
13.24) -1.21729
13.25) -1.22542
13.26) -1.23349
13.27) -1.24149
13.28) -1.24942
13.29) -1.25728
13.3) -1.26507
13.31) -1.27278
13.32) -1.28042
13.33) -1.28797
13.34) -1.29544
13.35) -1.30282
13.36) -1.31011
13.37) -1.31731
13.38) -1.32441
13.39) -1.33141
13.4) -1.33831
13.41) -1.3451
13.42) -1.35178
13.43) -1.35835
13.44) -1.36481
13.45) -1.37115
13.46) -1.37737
13.47) -1.38346
13.48) -1.38943
13.49) -1.39527
13.5) -1.40098
13.51) -1.40655
13.52) -1.41198
13.53) -1.41727
13.54) -1.42242
13.55) -1.42742
13.56) -1.43228
13.57) -1.43699
13.58) -1.44154
13.59) -1.44594
13.6) -1.45018
13.61) -1.45426
13.62) -1.45818
13.63) -1.46193
13.64) -1.46552
13.65) -1.46894
13.66) -1.47219
13.67) -1.47527
13.68) -1.47817
13.69) -1.4809
13.71) -1.48345
13.71) -1.48582
13.72) -1.48801
13.73) -1.49002
13.74) -1.49185
13.75) -1.4935
13.76) -1.49496
13.77) -1.49624
13.78) -1.49733
13.79) -1.49824
13.8) -1.49896
13.81) -1.49949
13.82) -1.49984
13.83) -1.5
13.84) -1.49997
13.85) -1.49975
13.86) -1.49935
13.87) -1.49876
13.88) -1.49798
13.89) -1.49702
13.9) -1.49587
13.91) -1.49454
13.92) -1.49302
13.93) -1.49132
13.94) -1.48944
13.95) -1.48737
13.96) -1.48512
13.97) -1.48269
13.98) -1.48009
13.99) -1.47731
14.0) -1.47436
14.01) -1.47123
14.02) -1.46793
14.03) -1.46446
14.04) -1.46082
14.05) -1.45702
14.06) -1.45305
14.07) -1.44892
14.08) -1.44463
14.09) -1.44019
14.1) -1.43559
14.11) -1.43084
14.12) -1.42594
14.13) -1.42089
14.14) -1.4157
14.15) -1.41037
14.16) -1.4049
14.17) -1.39929
14.18) -1.39354
14.19) -1.38766
14.21) -1.38166
14.21) -1.37553
14.22) -1.36928
14.23) -1.36291
14.24) -1.35642
14.25) -1.34982
14.26) -1.34311
14.27) -1.33629
14.28) -1.32936
14.29) -1.32233
14.3) -1.3152
14.31) -1.30798
14.32) -1.30066
14.33) -1.29325
14.34) -1.28576
14.35) -1.27818
14.36) -1.27052
14.37) -1.26278
14.38) -1.25497
14.39) -1.24708
14.4) -1.23913
14.41) -1.23111
14.42) -1.22303
14.43) -1.21489
14.44) -1.20669
14.45) -1.19843
14.46) -1.19012
14.47) -1.18176
14.48) -1.17335
14.49) -1.1649
14.5) -1.15641
14.51) -1.14788
14.52) -1.13931
14.53) -1.13071
14.54) -1.12208
14.55) -1.11342
14.56) -1.10473
14.57) -1.09602
14.58) -1.08728
14.59) -1.07852
14.6) -1.06975
14.61) -1.06096
14.62) -1.05216
14.63) -1.04335
14.64) -1.03453
14.65) -1.0257
14.66) -1.01687
14.67) -1.00803
14.68) -0.99919
14.69) -0.99035
14.71) -0.98151
14.71) -0.97268
14.72) -0.96385
14.73) -0.95503
14.74) -0.94622
14.75) -0.93742
14.76) -0.92863
14.77) -0.91985
14.78) -0.91108
14.79) -0.90233
14.8) -0.8936
14.81) -0.88488
14.82) -0.87618
14.83) -0.8675
14.84) -0.85885
14.85) -0.85022
14.86) -0.84161
14.87) -0.83303
14.88) -0.82447
14.89) -0.81594
14.9) -0.80744
14.91) -0.79896
14.92) -0.79051
14.93) -0.78209
14.94) -0.7737
14.95) -0.76534
14.96) -0.75702
14.97) -0.74873
14.98) -0.74047
14.99) -0.73224
15.0) -0.72405
15.01) -0.71589
15.02) -0.70777
15.03) -0.69968
15.04) -0.69163
15.05) -0.68361
15.06) -0.67563
15.07) -0.66769
15.08) -0.65978
15.09) -0.65191
15.1) -0.64408
15.11) -0.63629
15.12) -0.62854
15.13) -0.62082
15.14) -0.61314
15.15) -0.6055
15.16) -0.5979
15.17) -0.59034
15.18) -0.58281
15.19) -0.57532
15.21) -0.56787
15.21) -0.56046
15.22) -0.55309
15.23) -0.54576
15.24) -0.53847
15.25) -0.53121
15.26) -0.52399
15.27) -0.51681
15.28) -0.50967
15.29) -0.50257
15.3) -0.4955
15.31) -0.48847
15.32) -0.48148
15.33) -0.47452
15.34) -0.4676
15.35) -0.46072
15.36) -0.45387
15.37) -0.44706
15.38) -0.44029
15.39) -0.43355
15.4) -0.42685
15.41) -0.42018
15.42) -0.41355
15.43) -0.40695
15.44) -0.40038
15.45) -0.39385
15.46) -0.38735
15.47) -0.38088
15.48) -0.37445
15.49) -0.36805
15.5) -0.36168
15.51) -0.35534
15.52) -0.34903
15.53) -0.34275
15.54) -0.3365
15.55) -0.33028
15.56) -0.32409
15.57) -0.31793
15.58) -0.3118
15.59) -0.3057
15.6) -0.29963
15.61) -0.29358
15.62) -0.28756
15.63) -0.28157
15.64) -0.2756
15.65) -0.26966
15.66) -0.26374
15.67) -0.25785
15.68) -0.25198
15.69) -0.24614
15.71) -0.24032
15.71) -0.23452
15.72) -0.22874
15.73) -0.22299
15.74) -0.21726
15.75) -0.21155
15.76) -0.20586
15.77) -0.20019
15.78) -0.19454
15.79) -0.18891
15.8) -0.18329
15.81) -0.17769
15.82) -0.17211
15.83) -0.16655
15.84) -0.161
15.85) -0.15547
15.86) -0.14995
15.87) -0.14445
15.88) -0.13896
15.89) -0.13348
15.9) -0.12802
15.91) -0.12257
15.92) -0.11713
15.93) -0.1117
15.94) -0.10628
15.95) -0.10088
15.96) -0.09549
15.97) -0.0901
15.98) -0.08472
15.99) -0.07935
16.0) -0.07399
16.01) -0.06864
16.02) -0.06329
16.03) -0.05795
16.04) -0.05262
16.05) -0.04729
16.06) -0.04197
16.07) -0.03665
16.08) -0.03133
16.09) -0.02602
16.1) -0.02071
16.11) -0.0154
16.12) -0.01009
16.13) -0.00478
16.14) 5.3E-4
16.15) 0.00584
16.16) 0.01115
16.17) 0.01646
16.18) 0.02177
16.19) 0.02708
16.2) 0.03239
16.21) 0.03771
16.22) 0.04303
16.23) 0.04835
16.24) 0.05368
16.25) 0.05901
16.26) 0.06435
16.27) 0.0697
16.28) 0.07505
16.29) 0.08041
16.3) 0.08578
16.31) 0.09116
16.32) 0.09655
16.33) 0.10195
16.34) 0.10736
16.35) 0.11278
16.36) 0.11821
16.37) 0.12365
16.38) 0.1291
16.39) 0.13456
16.4) 0.14004
16.41) 0.14553
16.42) 0.15104
16.43) 0.15656
16.44) 0.1621
16.45) 0.16765
16.46) 0.17322
16.47) 0.17881
16.48) 0.18441
16.49) 0.19003
16.5) 0.19567
16.51) 0.20133
16.52) 0.20701
16.53) 0.21271
16.54) 0.21843
16.55) 0.22417
16.56) 0.22993
16.57) 0.23571
16.58) 0.24151
16.59) 0.24734
16.6) 0.25319
16.61) 0.25906
16.62) 0.26496
16.63) 0.27088
16.64) 0.27683
16.65) 0.2828
16.66) 0.2888
16.67) 0.29482
16.68) 0.30087
16.69) 0.30695
16.7) 0.31306
16.71) 0.31919
16.72) 0.32535
16.73) 0.33154
16.74) 0.33776
16.75) 0.34401
16.76) 0.35029
16.77) 0.3566
16.78) 0.36294
16.79) 0.36932
16.8) 0.37573
16.81) 0.38217
16.82) 0.38864
16.83) 0.39515
16.84) 0.40169
16.85) 0.40826
16.86) 0.41487
16.87) 0.42151
16.88) 0.42819
16.89) 0.4349
16.9) 0.44165
16.91) 0.44843
16.92) 0.45525
16.93) 0.4621
16.94) 0.46899
16.95) 0.47592
16.96) 0.48288
16.97) 0.48988
16.98) 0.49692
16.99) 0.50399
17.0) 0.5111
17.01) 0.51825
17.02) 0.52544
17.03) 0.53267
17.04) 0.53993
17.05) 0.54723
17.06) 0.55457
17.07) 0.56195
17.08) 0.56937
17.09) 0.57683
17.1) 0.58432
17.11) 0.59185
17.12) 0.59942
17.13) 0.60703
17.14) 0.61468
17.15) 0.62237
17.16) 0.63009
17.17) 0.63785
17.18) 0.64565
17.19) 0.65349
17.2) 0.66137
17.21) 0.66928
17.22) 0.67723
17.23) 0.68522
17.24) 0.69324
17.25) 0.7013
17.26) 0.70939
17.27) 0.71752
17.28) 0.72568
17.29) 0.73388
17.3) 0.74211
17.31) 0.75038
17.32) 0.75868
17.33) 0.76701
17.34) 0.77537
17.35) 0.78376
17.36) 0.79218
17.37) 0.80063
17.38) 0.80911
17.39) 0.81762
17.42) 0.82616
17.41) 0.83472
17.42) 0.84331
17.43) 0.85192
17.44) 0.86056
17.45) 0.86922
17.46) 0.8779
17.47) 0.8866
17.48) 0.89532
17.49) 0.90406
17.5) 0.91281
17.51) 0.92158
17.52) 0.93036
17.53) 0.93916
17.54) 0.94797
17.55) 0.95679
17.56) 0.96561
17.57) 0.97444
17.58) 0.98328
17.59) 0.99212
17.6) 1.00096
17.61) 1.0098
17.62) 1.01864
17.63) 1.02747
17.64) 1.0363
17.65) 1.04512
17.66) 1.05393
17.67) 1.06273
17.68) 1.07152
17.69) 1.08029
17.7) 1.08904
17.71) 1.09777
17.72) 1.10648
17.73) 1.11516
17.74) 1.12382
17.75) 1.13245
17.76) 1.14105
17.77) 1.14961
17.78) 1.15813
17.79) 1.16661
17.8) 1.17505
17.81) 1.18345
17.82) 1.1918
17.83) 1.2001
17.84) 1.20835
17.85) 1.21654
17.86) 1.22467
17.87) 1.23274
17.88) 1.24075
17.89) 1.24869
17.92) 1.25656
17.91) 1.26436
17.92) 1.27208
17.93) 1.27972
17.94) 1.28728
17.95) 1.29476
17.96) 1.30215
17.97) 1.30945
17.98) 1.31666
17.99) 1.32377
18.0) 1.33078
18.01) 1.33769
18.02) 1.34449
18.03) 1.35118
18.04) 1.35776
18.05) 1.36423
18.06) 1.37058
18.07) 1.37681
18.08) 1.38292
18.09) 1.3889
18.1) 1.39475
18.11) 1.40047
18.12) 1.40605
18.13) 1.4115
18.14) 1.41681
18.15) 1.42197
18.16) 1.42699
18.17) 1.43186
18.18) 1.43658
18.19) 1.44115
18.2) 1.44556
18.21) 1.44981
18.22) 1.4539
18.23) 1.45783
18.24) 1.4616
18.25) 1.4652
18.26) 1.46863
18.27) 1.47189
18.28) 1.47498
18.29) 1.4779
18.3) 1.48064
18.31) 1.48321
18.32) 1.4856
18.33) 1.48781
18.34) 1.48984
18.35) 1.49169
18.36) 1.49335
18.37) 1.49483
18.38) 1.49613
18.39) 1.49724
18.42) 1.49817
18.41) 1.49891
18.42) 1.49946
18.43) 1.49982
18.44) 1.5
18.45) 1.49999
18.46) 1.49979
18.47) 1.4994
18.48) 1.49883
18.49) 1.49807
18.5) 1.49712
18.51) 1.49599
18.52) 1.49467
18.53) 1.49317
18.54) 1.49149
18.55) 1.48962
18.56) 1.48757
18.57) 1.48534
18.58) 1.48293
18.59) 1.48034
18.6) 1.47758
18.61) 1.47464
18.62) 1.47153
18.63) 1.46825
18.64) 1.4648
18.65) 1.46118
18.66) 1.45739
18.67) 1.45344
18.68) 1.44933
18.69) 1.44506
18.7) 1.44063
18.71) 1.43605
18.72) 1.43131
18.73) 1.42642
18.74) 1.42139
18.75) 1.41621
18.76) 1.41089
18.77) 1.40543
18.78) 1.39983
18.79) 1.3941
18.8) 1.38824
18.81) 1.38225
18.82) 1.37613
18.83) 1.36989
18.84) 1.36353
18.85) 1.35705
18.86) 1.35046
18.87) 1.34376
18.88) 1.33695
18.89) 1.33003
18.92) 1.32301
18.91) 1.31589
18.92) 1.30867
18.93) 1.30136
18.94) 1.29396
18.95) 1.28647
18.96) 1.2789
18.97) 1.27125
18.98) 1.26352
18.99) 1.25571
19.0) 1.24783
19.01) 1.23988
19.02) 1.23187
19.03) 1.22379
19.04) 1.21565
19.05) 1.20745
19.06) 1.1992
19.07) 1.1909
19.08) 1.18255
19.09) 1.17415
19.1) 1.1657
19.11) 1.15721
19.12) 1.14868
19.13) 1.14012
19.14) 1.13152
19.15) 1.12289
19.16) 1.11423
19.17) 1.10554
19.18) 1.09683
19.19) 1.0881
19.2) 1.07935
19.21) 1.07058
19.22) 1.06179
19.23) 1.05299
19.24) 1.04418
19.25) 1.03536
19.26) 1.02653
19.27) 1.0177
19.28) 1.00886
19.29) 1.00002
19.3) 0.99118
19.31) 0.98234
19.32) 0.97351
19.33) 0.96468
19.34) 0.95586
19.35) 0.94705
19.36) 0.93825
19.37) 0.92946
19.38) 0.92068
19.39) 0.91191
19.42) 0.90316
19.41) 0.89443
19.42) 0.88571
19.43) 0.87701
19.44) 0.86833
19.45) 0.85967
19.46) 0.85104
19.47) 0.84243
19.48) 0.83385
19.49) 0.82529
19.5) 0.81676
19.51) 0.80825
19.52) 0.79977
19.53) 0.79132
19.54) 0.7829
19.55) 0.77451
19.56) 0.76615
19.57) 0.75782
19.58) 0.74953
19.59) 0.74127
19.6) 0.73304
19.61) 0.72485
19.62) 0.71669
19.63) 0.70857
19.64) 0.70048
19.65) 0.69243
19.66) 0.68441
19.67) 0.67643
19.68) 0.66849
19.69) 0.66058
19.7) 0.65271
19.71) 0.64488
19.72) 0.63708
19.73) 0.62932
19.74) 0.6216
19.75) 0.61392
19.76) 0.60628
19.77) 0.59868
19.78) 0.59111
19.79) 0.58358
19.8) 0.57609
19.81) 0.56864
19.82) 0.56123
19.83) 0.55386
19.84) 0.54652
19.85) 0.53922
19.86) 0.53196
19.87) 0.52474
19.88) 0.51756
19.89) 0.51042
19.92) 0.50331
19.91) 0.49624
19.92) 0.48921
19.93) 0.48222
19.94) 0.47526
19.95) 0.46834
19.96) 0.46146
19.97) 0.45461
19.98) 0.4478
19.99) 0.44102
20.0) 0.43428
