0.0) 0.14063
0.01) 0.14063
0.02) 0.14063
0.03) 0.14063
0.04) 0.14063
0.05) 0.14062
0.06) 0.14063
0.07) 0.14062
0.08) 0.14063
0.09) 0.14063
0.1) 0.14063
0.11) 0.14063
0.12) 0.14062
0.13) 0.14062
0.14) 0.14062
0.15) 0.14061
0.16) 0.14062
0.17) 0.14062
0.18) 0.14063
0.19) 0.14063
0.2) 0.14062
0.21) 0.14062
0.22) 0.14062
0.23) 0.14062
0.24) 0.14062
0.25) 0.14062
0.26) 0.14063
0.27) 0.14062
0.28) 0.14062
0.29) 0.14063
0.3) 0.14063
0.31) 0.14062
0.32) 0.14063
0.33) 0.14063
0.34) 0.14063
0.3503) 0.14063
0.36) 0.14063
0.37) 0.14063
0.38) 0.14063
0.39) 0.14063
0.4) 0.14064
0.4103) 0.14064
0.42) 0.14064
0.43) 0.14064
0.44) 0.14064
0.45) 0.14064
0.46) 0.14065
0.4703) 0.14065
0.48) 0.14064
0.49) 0.14064
0.5) 0.14063
0.51) 0.14063
0.52) 0.14063
0.53) 0.14063
0.54) 0.14063
0.55) 0.14062
0.56) 0.14062
0.571) 0.14062
0.58) 0.14062
0.59) 0.14062
0.6) 0.14062
0.61) 0.14063
0.62) 0.14063
0.63) 0.14063
0.64) 0.14063
0.65) 0.14063
0.66) 0.14063
0.67) 0.14063
0.68) 0.14063
0.691) 0.14063
0.701) 0.14063
0.71) 0.14063
0.72) 0.14063
0.73) 0.14064
0.74) 0.14063
0.75) 0.14063
0.76) 0.14064
0.77) 0.14063
0.78) 0.14063
0.79) 0.14064
0.8) 0.14064
0.81) 0.14064
0.821) 0.14065
0.831) 0.14064
0.84) 0.14065
0.85) 0.14065
0.86) 0.14065
0.87) 0.14065
0.88) 0.14065
0.89) 0.14065
0.9) 0.14065
0.91) 0.14065
0.92) 0.14064
0.93) 0.14065
0.941) 0.14065
0.951) 0.14065
0.96) 0.14065
0.97) 0.14064
0.98) 0.14065
0.99) 0.14065
1.0) 0.14065
1.01) 0.14065
1.02) 0.14065
1.03) 0.14065
1.04) 0.14065
1.05) 0.14064
1.06) 0.14064
1.07) 0.14064
1.08) 0.14064
1.09) 0.14064
1.1) 0.14064
1.11) 0.14064
1.12) 0.14064
1.131) 0.14063
1.141) 0.14064
1.151) 0.14064
1.16) 0.14063
1.17) 0.14063
1.18) 0.14063
1.19) 0.14063
1.2) 0.14063
1.21) 0.14062
1.22) 0.14062
1.23) 0.14062
1.24) 0.14062
1.25) 0.14062
1.26) 0.14062
1.27) 0.14061
1.28) 0.14061
1.29) 0.14062
1.3) 0.14062
1.31) 0.14062
1.32) 0.14062
1.33) 0.14062
1.34) 0.14062
1.35) 0.14062
1.36) 0.14062
1.37) 0.14062
1.381) 0.14061
1.391) 0.14062
1.401) 0.14062
1.41) 0.14062
1.42) 0.14063
1.43) 0.14063
1.44) 0.14063
1.45) 0.14063
1.46) 0.14063
1.47) 0.14063
1.48) 0.14063
1.49) 0.14063
1.5) 0.14063
1.51) 0.14063
1.52) 0.14063
1.53) 0.14063
1.54) 0.14063
1.55) 0.14063
1.56) 0.14064
1.57) 0.14063
1.58) 0.14063
1.59) 0.14063
1.6) 0.14063
1.61) 0.14063
1.62) 0.14063
1.631) 0.14063
1.641) 0.14063
1.651) 0.14063
1.661) 0.14063
1.67) 0.14063
1.68) 0.14063
1.69) 0.14063
1.7) 0.14063
1.71) 0.14063
1.72) 0.14063
1.73) 0.14063
1.74) 0.14063
1.75) 0.14063
1.76) 0.14063
1.77) 0.14063
1.78) 0.14063
1.79) 0.14063
1.8) 0.14063
1.81) 0.14063
1.82) 0.14063
1.83) 0.14063
1.84) 0.14064
1.85) 0.14064
1.86) 0.14064
1.87) 0.14064
1.881) 0.14064
1.891) 0.14064
1.901) 0.14064
1.911) 0.14064
1.92) 0.14064
1.93) 0.14064
1.94) 0.14064
1.95) 0.14064
1.96) 0.14064
1.97) 0.14064
1.98) 0.14064
1.99) 0.14064
2.0) 0.14064
2.012) 0.14064
2.02) 0.14063
2.032) 0.14063
2.04) 0.14063
2.05) 0.14064
2.06) 0.14064
2.07) 0.14064
2.08) 0.14063
2.09) 0.14063
2.1) 0.14063
2.11) 0.14063
2.12) 0.14063
2.13) 0.14063
2.14) 0.14063
2.15) 0.14063
2.16) 0.14063
2.17) 0.14063
2.18) 0.14063
2.19) 0.14063
2.2) 0.14063
2.21) 0.14063
2.22) 0.14063
2.23) 0.14063
2.24) 0.14063
2.25) 0.14063
2.262) 0.14063
2.27) 0.14063
2.282) 0.14063
2.29) 0.14063
2.303) 0.14063
2.31) 0.14063
2.32) 0.14063
2.33) 0.14063
2.34) 0.14063
2.35) 0.14062
2.36) 0.14063
2.37) 0.14063
2.38) 0.14062
2.39) 0.14063
2.4) 0.14063
2.41) 0.14062
2.42) 0.14063
2.43) 0.14063
2.44) 0.14063
2.45) 0.14062
2.46) 0.14063
2.47) 0.14063
2.48) 0.14063
2.49) 0.14062
2.5) 0.14063
2.512) 0.14063
2.52) 0.14062
2.532) 0.14062
2.54) 0.14063
2.553) 0.14063
2.56) 0.14063
2.57) 0.14063
2.58) 0.14062
2.59) 0.14062
2.6) 0.14062
2.61) 0.14063
2.62) 0.14063
2.63) 0.14063
2.64) 0.14063
2.65) 0.14063
2.66) 0.14062
2.67) 0.14062
2.68) 0.14062
2.69) 0.14062
2.7) 0.14062
2.71) 0.14062
2.72) 0.14062
2.73) 0.14062
2.74) 0.14062
2.75) 0.14063
2.762) 0.14062
2.77) 0.14062
2.782) 0.14062
2.79) 0.14062
2.803) 0.14062
2.81) 0.14062
2.82) 0.14062
2.83) 0.14062
2.84) 0.14062
2.85) 0.14062
2.86) 0.14062
2.87) 0.14062
2.88) 0.14062
2.89) 0.14062
2.9) 0.14062
2.91) 0.14062
2.92) 0.14062
2.93) 0.14061
2.94) 0.14061
2.95) 0.14061
2.96) 0.14061
2.97) 0.14061
2.98) 0.14061
2.99) 0.14061
3.0) 0.14061
3.012) 0.14061
3.02) 0.14061
3.032) 0.14061
3.04) 0.14061
3.053) 0.14061
3.06) 0.14061
3.073) 0.14061
3.08) 0.14061
3.09) 0.14062
3.1) 0.14061
3.11) 0.14061
3.12) 0.14061
3.13) 0.14061
3.14) 0.14061
3.15) 0.14061
3.16) 0.14061
3.17) 0.14062
3.18) 0.14062
3.19) 0.14062
3.2) 0.14062
3.21) 0.14061
3.22) 0.14061
3.23) 0.14061
3.24) 0.14061
3.25) 0.14061
3.262) 0.14061
3.27) 0.14061
3.282) 0.14061
3.29) 0.14062
3.303) 0.14062
3.31) 0.14062
3.323) 0.14062
3.33) 0.14062
3.34) 0.14062
3.35) 0.14063
3.36) 0.14063
3.37) 0.14063
3.38) 0.14063
3.39) 0.14063
3.4) 0.14063
3.41) 0.14062
3.42) 0.14063
3.43) 0.14062
3.44) 0.14062
3.45) 0.14062
3.46) 0.14063
3.47) 0.14063
3.48) 0.14063
3.49) 0.14063
3.5) 0.14063
3.512) 0.14063
3.52) 0.14063
3.532) 0.14063
3.54) 0.14064
3.553) 0.14064
3.56) 0.14064
3.573) 0.14064
3.58) 0.14064
3.59) 0.14063
3.6) 0.14064
3.61) 0.14064
3.62) 0.14064
3.63) 0.14065
3.64) 0.14065
3.65) 0.14065
3.66) 0.14065
3.67) 0.14065
3.68) 0.14065
3.69) 0.14065
3.7) 0.14065
3.71) 0.14065
3.72) 0.14064
3.73) 0.14064
3.74) 0.14065
3.75) 0.14065
3.762) 0.14065
3.77) 0.14064
3.782) 0.14064
3.79) 0.14064
3.803) 0.14064
3.81) 0.14064
3.823) 0.14065
3.83) 0.14065
3.84) 0.14065
3.85) 0.14065
3.86) 0.14065
3.87) 0.14065
3.88) 0.14065
3.89) 0.14065
3.9) 0.14065
3.91) 0.14065
3.92) 0.14066
3.93) 0.14066
3.94) 0.14066
3.95) 0.14066
3.96) 0.14066
3.97) 0.14066
3.98) 0.14066
3.99) 0.14066
4.0) 0.14066
4.01) 0.14066
4.025) 0.14066
4.03) 0.14066
4.04) 0.14066
4.05) 0.14066
4.065) 0.14066
4.07) 0.14066
4.08) 0.14066
4.09) 0.14066
4.1) 0.14066
4.11) 0.14066
4.12) 0.14066
4.13) 0.14066
4.14) 0.14066
4.15) 0.14066
4.16) 0.14066
4.17) 0.14066
4.18) 0.14066
4.19) 0.14067
4.2) 0.14067
4.21) 0.14067
4.22) 0.14066
4.23) 0.14066
4.24) 0.14067
4.25) 0.14066
4.26) 0.14066
4.275) 0.14066
4.28) 0.14066
4.29) 0.14065
4.3) 0.14066
4.315) 0.14066
4.32) 0.14067
4.33) 0.14067
4.34) 0.14067
4.355) 0.14068
4.36) 0.14068
4.37) 0.14067
4.38) 0.14067
4.39) 0.14067
4.4) 0.14067
4.41) 0.14067
4.42) 0.14067
4.43) 0.14068
4.44) 0.14068
4.45) 0.14069
4.46) 0.14068
4.47) 0.14068
4.48) 0.14068
4.49) 0.14069
4.5) 0.14069
4.51) 0.14069
4.525) 0.14069
4.53) 0.14069
4.54) 0.14068
4.55) 0.14068
4.565) 0.14069
4.57) 0.14069
4.58) 0.14068
4.59) 0.14069
4.605) 0.14069
4.61) 0.14068
4.62) 0.14069
4.63) 0.14069
4.64) 0.14069
4.65) 0.14068
4.66) 0.14069
4.67) 0.14069
4.68) 0.14068
4.69) 0.14068
4.7) 0.14068
4.71) 0.14068
4.72) 0.14069
4.73) 0.14068
4.74) 0.14068
4.75) 0.14068
4.76) 0.14067
4.775) 0.14068
4.78) 0.14068
4.79) 0.14069
4.8) 0.14069
4.815) 0.14068
4.82) 0.14068
4.83) 0.14067
4.84) 0.14067
4.855) 0.14068
4.86) 0.14069
4.87) 0.14069
4.88) 0.1407
4.89) 0.1407
4.9) 0.1407
4.91) 0.14069
4.92) 0.1407
4.93) 0.14069
4.94) 0.14069
4.95) 0.14069
4.96) 0.1407
4.97) 0.14069
4.98) 0.14069
4.99) 0.14069
5.0) 0.14069
5.01) 0.1407
5.025) 0.1407
5.03) 0.1407
5.04) 0.1407
5.05) 0.14071
5.065) 0.14071
5.07) 0.14071
5.08) 0.14071
5.09) 0.14071
5.105) 0.14071
5.11) 0.14072
5.12) 0.14073
5.13) 0.14073
5.14) 0.14073
5.15) 0.14073
5.16) 0.14074
5.17) 0.14073
5.18) 0.14073
5.19) 0.14073
5.2) 0.14073
5.21) 0.14073
5.22) 0.14072
5.23) 0.14072
5.24) 0.14072
5.25) 0.14072
5.26) 0.14072
5.275) 0.14072
5.28) 0.14072
5.29) 0.14071
5.3) 0.14071
5.315) 0.14072
5.32) 0.14072
5.33) 0.14072
5.34) 0.14072
5.355) 0.14072
5.36) 0.14072
5.37) 0.14072
5.38) 0.14072
5.39) 0.14071
5.4) 0.14071
5.41) 0.14071
5.42) 0.14071
5.43) 0.14071
5.44) 0.14072
5.45) 0.14072
5.46) 0.14072
5.47) 0.14072
5.48) 0.14072
5.49) 0.14072
5.5) 0.14072
5.51) 0.14072
5.525) 0.14072
5.53) 0.14072
5.54) 0.14072
5.55) 0.14072
5.565) 0.14072
5.57) 0.14072
5.58) 0.14072
5.59) 0.14072
5.605) 0.14072
5.61) 0.14072
5.62) 0.14072
5.63) 0.14072
5.64) 0.14072
5.65) 0.14072
5.66) 0.14072
5.67) 0.14072
5.68) 0.14072
5.69) 0.14072
5.7) 0.14073
5.71) 0.14073
5.72) 0.14073
5.73) 0.14073
5.74) 0.14073
5.75) 0.14073
5.76) 0.14074
5.775) 0.14073
5.78) 0.14073
5.79) 0.14073
5.8) 0.14073
5.815) 0.14073
5.82) 0.14073
5.83) 0.14073
5.84) 0.14073
5.855) 0.14073
5.86) 0.14073
5.87) 0.14073
5.88) 0.14073
5.89) 0.14073
5.9) 0.14073
5.91) 0.14073
5.92) 0.14073
5.93) 0.14073
5.94) 0.14073
5.95) 0.14073
5.96) 0.14074
5.97) 0.14074
5.98) 0.14074
5.99) 0.14073
6.0) 0.14073
6.01) 0.14073
6.025) 0.14074
6.03) 0.14073
6.04) 0.14073
6.05) 0.14073
6.065) 0.14073
6.07) 0.14073
6.08) 0.14073
6.09) 0.14073
6.105) 0.14073
6.11) 0.14073
6.12) 0.14073
6.13) 0.14073
6.14) 0.14073
6.15) 0.14073
6.16) 0.14073
6.17) 0.14073
6.18) 0.14072
6.19) 0.14073
6.2) 0.14072
6.21) 0.14072
6.22) 0.14072
6.23) 0.14072
6.24) 0.14072
6.25) 0.14072
6.26) 0.14072
6.275) 0.14072
6.28) 0.14073
6.29) 0.14072
6.3) 0.14072
6.315) 0.14072
6.32) 0.14072
6.33) 0.14072
6.34) 0.14071
6.355) 0.14072
6.36) 0.14072
6.37) 0.14072
6.38) 0.14071
6.39) 0.14071
6.4) 0.14071
6.41) 0.14071
6.42) 0.14071
6.43) 0.14071
6.44) 0.14071
6.45) 0.14071
6.46) 0.14071
6.47) 0.14071
6.48) 0.14071
6.49) 0.14071
6.5) 0.14071
6.51) 0.14071
6.525) 0.14071
6.53) 0.1407
6.54) 0.1407
6.55) 0.1407
6.565) 0.1407
6.57) 0.1407
6.58) 0.1407
6.59) 0.1407
6.605) 0.1407
6.61) 0.14069
6.62) 0.14069
6.63) 0.1407
6.64) 0.1407
6.65) 0.1407
6.66) 0.1407
6.67) 0.1407
6.68) 0.1407
6.69) 0.1407
6.7) 0.1407
6.71) 0.1407
6.72) 0.1407
6.73) 0.1407
6.74) 0.1407
6.75) 0.1407
6.76) 0.1407
6.775) 0.1407
6.78) 0.14069
6.79) 0.1407
6.8) 0.1407
6.815) 0.14069
6.82) 0.1407
6.83) 0.1407
6.84) 0.1407
6.855) 0.1407
6.86) 0.1407
6.87) 0.1407
6.88) 0.1407
6.89) 0.1407
6.9) 0.1407
6.91) 0.1407
6.92) 0.1407
6.93) 0.1407
6.94) 0.1407
6.95) 0.1407
6.96) 0.1407
6.97) 0.1407
6.98) 0.1407
6.99) 0.1407
7.0) 0.1407
7.01) 0.1407
7.025) 0.14069
7.03) 0.1407
7.04) 0.1407
7.05) 0.14069
7.065) 0.1407
7.07) 0.1407
7.08) 0.14069
7.09) 0.14069
7.105) 0.14069
7.11) 0.14069
7.12) 0.14069
7.13) 0.14069
7.14) 0.14069
7.15) 0.14069
7.16) 0.14069
7.17) 0.14069
7.18) 0.14069
7.19) 0.14069
7.2) 0.14069
7.21) 0.1407
7.22) 0.1407
7.23) 0.14069
7.24) 0.14069
7.25) 0.14069
7.26) 0.14069
7.275) 0.14069
7.28) 0.14069
7.29) 0.14069
7.3) 0.14069
7.315) 0.14068
7.32) 0.14068
7.33) 0.14068
7.34) 0.14068
7.355) 0.14068
7.36) 0.14068
7.37) 0.14068
7.38) 0.14068
7.39) 0.14068
7.4) 0.14068
7.41) 0.14068
7.42) 0.14068
7.43) 0.14068
7.44) 0.14068
7.45) 0.14068
7.46) 0.14068
7.47) 0.14068
7.48) 0.14068
7.49) 0.14068
7.5) 0.14068
7.51) 0.14068
7.525) 0.14068
7.53) 0.14068
7.54) 0.14068
7.55) 0.14067
7.565) 0.14067
7.57) 0.14068
7.58) 0.14068
7.59) 0.14068
7.605) 0.14068
7.61) 0.14068
7.62) 0.14067
7.63) 0.14068
7.64) 0.14068
7.65) 0.14067
7.66) 0.14068
7.67) 0.14068
7.68) 0.14068
7.69) 0.14068
7.7) 0.14068
7.71) 0.14068
7.72) 0.14068
7.73) 0.14068
7.74) 0.14068
7.75) 0.14068
7.76) 0.14068
7.775) 0.14069
7.78) 0.14068
7.79) 0.14068
7.8) 0.14068
7.815) 0.14069
7.82) 0.14069
7.83) 0.14068
7.84) 0.14068
7.855) 0.14068
7.86) 0.14068
7.87) 0.14068
7.88) 0.14068
7.89) 0.14068
7.9) 0.14069
7.91) 0.14068
7.92) 0.14069
7.93) 0.14069
7.94) 0.14069
7.95) 0.14069
7.96) 0.14069
7.97) 0.14069
7.98) 0.14069
7.99) 0.14069
8.0) 0.14069
8.01) 0.14069
8.02) 0.14069
8.03) 0.14069
8.04) 0.14069
8.05) 0.14069
8.06) 0.1407
8.07) 0.1407
8.08) 0.14069
8.09) 0.14069
8.1) 0.14069
8.11) 0.1407
8.12) 0.1407
8.13) 0.14069
8.14) 0.14069
8.15) 0.1407
8.16) 0.1407
8.17) 0.14069
8.18) 0.1407
8.19) 0.1407
8.2) 0.14069
8.21) 0.1407
8.22) 0.14069
8.23) 0.1407
8.24) 0.1407
8.25) 0.1407
8.26) 0.1407
8.27) 0.1407
8.28) 0.1407
8.29) 0.1407
8.3) 0.1407
8.31) 0.1407
8.32) 0.14071
8.33) 0.1407
8.34) 0.1407
8.35) 0.14071
8.36) 0.14071
8.37) 0.14071
8.38) 0.14071
8.39) 0.14071
8.4) 0.14071
8.41) 0.14071
8.42) 0.14071
8.43) 0.14071
8.44) 0.1407
8.45) 0.1407
8.46) 0.1407
8.47) 0.1407
8.48) 0.1407
8.49) 0.1407
8.5) 0.1407
8.51) 0.1407
8.52) 0.1407
8.53) 0.1407
8.54) 0.1407
8.55) 0.1407
8.56) 0.1407
8.57) 0.1407
8.58) 0.1407
8.59) 0.1407
8.6) 0.1407
8.61) 0.14069
8.62) 0.1407
8.63) 0.14069
8.64) 0.1407
8.65) 0.14069
8.66) 0.14069
8.67) 0.14069
8.68) 0.14069
8.69) 0.14069
8.71) 0.14069
8.71) 0.14069
8.72) 0.14069
8.73) 0.14069
8.74) 0.14069
8.75) 0.14069
8.76) 0.14069
8.77) 0.14069
8.78) 0.14068
8.79) 0.14068
8.8) 0.14068
8.81) 0.14067
8.82) 0.14067
8.83) 0.14066
8.84) 0.14067
8.85) 0.14067
8.86) 0.14067
8.87) 0.14067
8.88) 0.14067
8.89) 0.14067
8.9) 0.14067
8.91) 0.14067
8.92) 0.14067
8.93) 0.14066
8.94) 0.14067
8.95) 0.14066
8.96) 0.14067
8.97) 0.14068
8.98) 0.14067
8.99) 0.14068
9.0) 0.14068
9.01) 0.14069
9.02) 0.14069
9.03) 0.14069
9.04) 0.1407
9.05) 0.1407
9.06) 0.14071
9.07) 0.1407
9.08) 0.1407
9.09) 0.14071
9.1) 0.14071
9.11) 0.14071
9.12) 0.14071
9.13) 0.1407
9.14) 0.14071
9.15) 0.14072
9.16) 0.14071
9.17) 0.14072
9.18) 0.14071
9.19) 0.14072
9.21) 0.14072
9.21) 0.14072
9.22) 0.14071
9.23) 0.14071
9.24) 0.14071
9.25) 0.14071
9.26) 0.14072
9.27) 0.14072
9.28) 0.14072
9.29) 0.14071
9.3) 0.14071
9.31) 0.14071
9.32) 0.14071
9.33) 0.14072
9.34) 0.14071
9.35) 0.1407
9.36) 0.1407
9.37) 0.14069
9.38) 0.1407
9.39) 0.14071
9.4) 0.1407
9.41) 0.14069
9.42) 0.14069
9.43) 0.14069
9.44) 0.14068
9.45) 0.14069
9.46) 0.14068
9.47) 0.14067
9.48) 0.14067
9.49) 0.14067
9.5) 0.14067
9.51) 0.14066
9.52) 0.14066
9.53) 0.14066
9.54) 0.14066
9.55) 0.14066
9.56) 0.14067
9.57) 0.14067
9.58) 0.14067
9.59) 0.14068
9.6) 0.14068
9.61) 0.14068
9.62) 0.14068
9.63) 0.14068
9.64) 0.14068
9.65) 0.14068
9.66) 0.14068
9.67) 0.14068
9.68) 0.14069
9.69) 0.14068
9.71) 0.14068
9.71) 0.14069
9.72) 0.14069
9.73) 0.14069
9.74) 0.14069
9.75) 0.14069
9.76) 0.14069
9.77) 0.1407
9.78) 0.1407
9.79) 0.14069
9.8) 0.14069
9.81) 0.14069
9.82) 0.14069
9.83) 0.14069
9.84) 0.14069
9.85) 0.14069
9.86) 0.1407
9.87) 0.1407
9.88) 0.1407
9.89) 0.1407
9.9) 0.14069
9.91) 0.1407
9.92) 0.1407
9.93) 0.1407
9.94) 0.1407
9.95) 0.1407
9.96) 0.1407
9.97) 0.14071
9.98) 0.1407
9.99) 0.14071
10.0) 0.14071
10.01) 0.14071
10.02) 0.14071
10.03) 0.14071
10.04) 0.14071
10.05) 0.14071
10.06) 0.14071
10.07) 0.14071
10.08) 0.1407
10.09) 0.14071
10.1) 0.14071
10.11) 0.14071
10.12) 0.14072
10.13) 0.14072
10.14) 0.14072
10.15) 0.14072
10.16) 0.14072
10.17) 0.14071
10.18) 0.14071
10.19) 0.14071
10.21) 0.14071
10.21) 0.1407
10.22) 0.14071
10.23) 0.1407
10.24) 0.1407
10.25) 0.1407
10.26) 0.1407
10.27) 0.1407
10.28) 0.1407
10.29) 0.1407
10.3) 0.1407
10.31) 0.14071
10.32) 0.14071
10.33) 0.14071
10.34) 0.1407
10.35) 0.1407
10.36) 0.14071
10.37) 0.14071
10.38) 0.14071
10.39) 0.14071
10.4) 0.14071
10.41) 0.14072
10.42) 0.14072
10.43) 0.14072
10.44) 0.14073
10.45) 0.14072
10.46) 0.14072
10.47) 0.14072
10.48) 0.14072
10.49) 0.14072
10.5) 0.14072
10.51) 0.14072
10.52) 0.14072
10.53) 0.14072
10.54) 0.14072
10.55) 0.14072
10.56) 0.14072
10.57) 0.14072
10.58) 0.14072
10.59) 0.14072
10.6) 0.14072
10.61) 0.14072
10.62) 0.14072
10.63) 0.14072
10.64) 0.14071
10.65) 0.14071
10.66) 0.14071
10.67) 0.14071
10.68) 0.14071
10.69) 0.14072
10.71) 0.14071
10.71) 0.14071
10.72) 0.14071
10.73) 0.14071
10.74) 0.14071
10.75) 0.14071
10.76) 0.14071
10.77) 0.14071
10.78) 0.14071
10.79) 0.14071
10.8) 0.14071
10.81) 0.14072
10.82) 0.14072
10.83) 0.14072
10.84) 0.14072
10.85) 0.14072
10.86) 0.14072
10.87) 0.14072
10.88) 0.14071
10.89) 0.14071
10.9) 0.14071
10.91) 0.14072
10.92) 0.14072
10.93) 0.14072
10.94) 0.14072
10.95) 0.14072
10.96) 0.14072
10.97) 0.14072
10.98) 0.14072
10.99) 0.14072
11.0) 0.14072
11.01) 0.14072
11.02) 0.14072
11.03) 0.14072
11.04) 0.14072
11.05) 0.14072
11.06) 0.14073
11.07) 0.14073
11.08) 0.14073
11.09) 0.14073
11.1) 0.14073
11.11) 0.14073
11.12) 0.14073
11.13) 0.14073
11.14) 0.14073
11.15) 0.14073
11.16) 0.14073
11.17) 0.14073
11.18) 0.14073
11.19) 0.14073
11.21) 0.14074
11.21) 0.14074
11.22) 0.14074
11.23) 0.14074
11.24) 0.14074
11.25) 0.14074
11.26) 0.14074
11.27) 0.14074
11.28) 0.14074
11.29) 0.14074
11.3) 0.14074
11.31) 0.14074
11.32) 0.14074
11.33) 0.14074
11.34) 0.14074
11.35) 0.14074
11.36) 0.14074
11.37) 0.14074
11.38) 0.14074
11.39) 0.14074
11.4) 0.14074
11.41) 0.14074
11.42) 0.14074
11.43) 0.14074
11.44) 0.14074
11.45) 0.14074
11.46) 0.14074
11.47) 0.14074
11.48) 0.14074
11.49) 0.14074
11.5) 0.14074
11.51) 0.14074
11.52) 0.14074
11.53) 0.14074
11.54) 0.14074
11.55) 0.14074
11.56) 0.14074
11.57) 0.14074
11.58) 0.14074
11.59) 0.14074
11.6) 0.14074
11.61) 0.14074
11.62) 0.14074
11.63) 0.14074
11.64) 0.14074
11.65) 0.14074
11.66) 0.14074
11.67) 0.14074
11.68) 0.14073
11.69) 0.14074
11.71) 0.14074
11.71) 0.14074
11.72) 0.14074
11.73) 0.14074
11.74) 0.14074
11.75) 0.14074
11.76) 0.14074
11.77) 0.14073
11.78) 0.14074
11.79) 0.14074
11.8) 0.14074
11.81) 0.14074
11.82) 0.14073
11.83) 0.14073
11.84) 0.14073
11.85) 0.14073
11.86) 0.14074
11.87) 0.14074
11.88) 0.14074
11.89) 0.14074
11.9) 0.14074
11.91) 0.14074
11.92) 0.14074
11.93) 0.14074
11.94) 0.14074
11.95) 0.14074
11.96) 0.14074
11.97) 0.14074
11.98) 0.14074
11.99) 0.14074
12.0) 0.14074
12.01) 0.14074
12.02) 0.14074
12.03) 0.14074
12.04) 0.14074
12.05) 0.14074
12.06) 0.14075
12.07) 0.14074
12.08) 0.14075
12.09) 0.14075
12.1) 0.14074
12.11) 0.14074
12.12) 0.14074
12.13) 0.14074
12.14) 0.14074
12.15) 0.14074
12.16) 0.14075
12.17) 0.14075
12.18) 0.14075
12.19) 0.14074
12.21) 0.14074
12.21) 0.14075
12.22) 0.14074
12.23) 0.14074
12.24) 0.14074
12.25) 0.14074
12.26) 0.14074
12.27) 0.14074
12.28) 0.14074
12.29) 0.14073
12.3) 0.14073
12.31) 0.14073
12.32) 0.14073
12.33) 0.14073
12.34) 0.14073
12.35) 0.14073
12.36) 0.14073
12.37) 0.14073
12.38) 0.14072
12.39) 0.14072
12.4) 0.14072
12.41) 0.14072
12.42) 0.14072
12.43) 0.14072
12.44) 0.14072
12.45) 0.14072
12.46) 0.14072
12.47) 0.14072
12.48) 0.14073
12.49) 0.14073
12.5) 0.14073
12.51) 0.14073
12.52) 0.14073
12.53) 0.14073
12.54) 0.14073
12.55) 0.14073
12.56) 0.14073
12.57) 0.14073
12.58) 0.14073
12.59) 0.14073
12.6) 0.14073
12.61) 0.14073
12.62) 0.14073
12.63) 0.14073
12.64) 0.14073
12.65) 0.14073
12.66) 0.14073
12.67) 0.14073
12.68) 0.14073
12.69) 0.14073
12.71) 0.14073
12.71) 0.14073
12.72) 0.14074
12.73) 0.14074
12.74) 0.14074
12.75) 0.14074
12.76) 0.14073
12.77) 0.14073
12.78) 0.14074
12.79) 0.14074
12.8) 0.14074
12.81) 0.14074
12.82) 0.14074
12.83) 0.14074
12.84) 0.14074
12.85) 0.14074
12.86) 0.14074
12.87) 0.14074
12.88) 0.14074
12.89) 0.14074
12.9) 0.14075
12.91) 0.14075
12.92) 0.14075
12.93) 0.14075
12.94) 0.14075
12.95) 0.14076
12.96) 0.14076
12.97) 0.14075
12.98) 0.14075
12.99) 0.14075
13.0) 0.14076
13.01) 0.14076
13.02) 0.14076
13.03) 0.14076
13.04) 0.14076
13.05) 0.14076
13.06) 0.14076
13.07) 0.14076
13.08) 0.14077
13.09) 0.14077
13.1) 0.14076
13.11) 0.14077
13.12) 0.14077
13.13) 0.14077
13.14) 0.14077
13.15) 0.14078
13.16) 0.14078
13.17) 0.14077
13.18) 0.14077
13.19) 0.14077
13.21) 0.14077
13.21) 0.14077
13.22) 0.14078
13.23) 0.14078
13.24) 0.14078
13.25) 0.14078
13.26) 0.14078
13.27) 0.14078
13.28) 0.14078
13.29) 0.14078
13.3) 0.14078
13.31) 0.14078
13.32) 0.14078
13.33) 0.14078
13.34) 0.14078
13.35) 0.14078
13.36) 0.14077
13.37) 0.14077
13.38) 0.14077
13.39) 0.14076
13.4) 0.14076
13.41) 0.14076
13.42) 0.14075
13.43) 0.14076
13.44) 0.14075
13.45) 0.14075
13.46) 0.14075
13.47) 0.14076
13.48) 0.14076
13.49) 0.14076
13.5) 0.14076
13.51) 0.14076
13.52) 0.14076
13.53) 0.14076
13.54) 0.14077
13.55) 0.14076
13.56) 0.14076
13.57) 0.14076
13.58) 0.14075
13.59) 0.14076
13.6) 0.14075
13.61) 0.14074
13.62) 0.14074
13.63) 0.14073
13.64) 0.14074
13.65) 0.14073
13.66) 0.14072
13.67) 0.14072
13.68) 0.14071
13.69) 0.14072
13.71) 0.14071
13.71) 0.14071
13.72) 0.14072
13.73) 0.14072
13.74) 0.14072
13.75) 0.14072
13.76) 0.14072
13.77) 0.14071
13.78) 0.14072
13.79) 0.14072
13.8) 0.14071
13.81) 0.14071
13.82) 0.14071
13.83) 0.1407
13.84) 0.14071
13.85) 0.14071
13.86) 0.14071
13.87) 0.1407
13.88) 0.1407
13.89) 0.1407
13.9) 0.14069
13.91) 0.1407
13.92) 0.14069
13.93) 0.14069
13.94) 0.1407
13.95) 0.1407
13.96) 0.1407
13.97) 0.1407
13.98) 0.14069
13.99) 0.14069
14.0) 0.14069
14.01) 0.14069
14.02) 0.14069
14.03) 0.14069
14.04) 0.14069
14.05) 0.14069
14.06) 0.1407
14.07) 0.1407
14.08) 0.1407
14.09) 0.1407
14.1) 0.14069
14.11) 0.14069
14.12) 0.1407
14.13) 0.1407
14.14) 0.14071
14.15) 0.1407
14.16) 0.1407
14.17) 0.1407
14.18) 0.14069
14.19) 0.14069
14.21) 0.14069
14.21) 0.1407
14.22) 0.14069
14.23) 0.14069
14.24) 0.14069
14.25) 0.14068
14.26) 0.14068
14.27) 0.14068
14.28) 0.14068
14.29) 0.14068
14.3) 0.14068
14.31) 0.14068
14.32) 0.14068
14.33) 0.14069
14.34) 0.14069
14.35) 0.14069
14.36) 0.14068
14.37) 0.14068
14.38) 0.14068
14.39) 0.14068
14.4) 0.14068
14.41) 0.14068
14.42) 0.14067
14.43) 0.14068
14.44) 0.14067
14.45) 0.14067
14.46) 0.14067
14.47) 0.14067
14.48) 0.14067
14.49) 0.14067
14.5) 0.14066
14.51) 0.14066
14.52) 0.14066
14.53) 0.14066
14.54) 0.14066
14.55) 0.14066
14.56) 0.14066
14.57) 0.14066
14.58) 0.14066
14.59) 0.14066
14.6) 0.14066
14.61) 0.14066
14.62) 0.14066
14.63) 0.14066
14.64) 0.14066
14.65) 0.14066
14.66) 0.14066
14.67) 0.14066
14.68) 0.14066
14.69) 0.14066
14.71) 0.14065
14.71) 0.14065
14.72) 0.14065
14.73) 0.14065
14.74) 0.14064
14.75) 0.14064
14.76) 0.14064
14.77) 0.14064
14.78) 0.14064
14.79) 0.14064
14.8) 0.14064
14.81) 0.14064
14.82) 0.14064
14.83) 0.14064
14.84) 0.14064
14.85) 0.14063
14.86) 0.14063
14.87) 0.14063
14.88) 0.14063
14.89) 0.14063
14.9) 0.14063
14.91) 0.14063
14.92) 0.14063
14.93) 0.14063
14.94) 0.14063
14.95) 0.14063
14.96) 0.14063
14.97) 0.14063
14.98) 0.14062
14.99) 0.14062
15.0) 0.14062
15.01) 0.14062
15.02) 0.14062
15.03) 0.14061
15.04) 0.14062
15.05) 0.14061
15.06) 0.14062
15.07) 0.14061
15.08) 0.14061
15.09) 0.14061
15.1) 0.14061
15.11) 0.14061
15.12) 0.14061
15.13) 0.14061
15.14) 0.14061
15.15) 0.14061
15.16) 0.14061
15.17) 0.14061
15.18) 0.14061
15.19) 0.14061
15.21) 0.14061
15.21) 0.14061
15.22) 0.14061
15.23) 0.14061
15.24) 0.1406
15.25) 0.1406
15.26) 0.1406
15.27) 0.1406
15.28) 0.1406
15.29) 0.1406
15.3) 0.1406
15.31) 0.1406
15.32) 0.1406
15.33) 0.1406
15.34) 0.1406
15.35) 0.14059
15.36) 0.1406
15.37) 0.1406
15.38) 0.1406
15.39) 0.1406
15.4) 0.1406
15.41) 0.14059
15.42) 0.14059
15.43) 0.14059
15.44) 0.14059
15.45) 0.14059
15.46) 0.14059
15.47) 0.14059
15.48) 0.14059
15.49) 0.14059
15.5) 0.14059
15.51) 0.14059
15.52) 0.14059
15.53) 0.14059
15.54) 0.14059
15.55) 0.14059
15.56) 0.14059
15.57) 0.14059
15.58) 0.14059
15.59) 0.14059
15.6) 0.14059
15.61) 0.14059
15.62) 0.14059
15.63) 0.14059
15.64) 0.14059
15.65) 0.14059
15.66) 0.14059
15.67) 0.14059
15.68) 0.14059
15.69) 0.14059
15.71) 0.14059
15.71) 0.14059
15.72) 0.14059
15.73) 0.1406
15.74) 0.14059
15.75) 0.14059
15.76) 0.14059
15.77) 0.14059
15.78) 0.14059
15.79) 0.14059
15.8) 0.14059
15.81) 0.14059
15.82) 0.14059
15.83) 0.14059
15.84) 0.14059
15.85) 0.14058
15.86) 0.14058
15.87) 0.14058
15.88) 0.14059
15.89) 0.14059
15.9) 0.14059
15.91) 0.14059
15.92) 0.14058
15.93) 0.14059
15.94) 0.14059
15.95) 0.14059
15.96) 0.14059
15.97) 0.14058
15.98) 0.14059
15.99) 0.14059
16.0) 0.14059
16.01) 0.14058
16.02) 0.14059
16.03) 0.14059
16.04) 0.14058
16.05) 0.14058
16.06) 0.14058
16.07) 0.14058
16.08) 0.14058
16.09) 0.14058
16.1) 0.14058
16.11) 0.14058
16.12) 0.14058
16.13) 0.14059
16.14) 0.14058
16.15) 0.14058
16.16) 0.14058
16.17) 0.14058
16.18) 0.14058
16.19) 0.14058
16.2) 0.14058
16.21) 0.14058
16.22) 0.14059
16.23) 0.14059
16.24) 0.14059
16.25) 0.14058
16.26) 0.14059
16.27) 0.14059
16.28) 0.14058
16.29) 0.14059
16.3) 0.14059
16.31) 0.14059
16.32) 0.14059
16.33) 0.14059
16.34) 0.14059
16.35) 0.14059
16.36) 0.14059
16.37) 0.14059
16.38) 0.14059
16.39) 0.14059
16.4) 0.14059
16.41) 0.14059
16.42) 0.14059
16.43) 0.14059
16.44) 0.14059
16.45) 0.14059
16.46) 0.14059
16.47) 0.14059
16.48) 0.14059
16.49) 0.14059
16.5) 0.14059
16.51) 0.14059
16.52) 0.14059
16.53) 0.14059
16.54) 0.14059
16.55) 0.14059
16.56) 0.14059
16.57) 0.1406
16.58) 0.1406
16.59) 0.14059
16.6) 0.14059
16.61) 0.14059
16.62) 0.14059
16.63) 0.14059
16.64) 0.14059
16.65) 0.14059
16.66) 0.14059
16.67) 0.14059
16.68) 0.14059
16.69) 0.14059
16.7) 0.14059
16.71) 0.14059
16.72) 0.14059
16.73) 0.14059
16.74) 0.14059
16.75) 0.14059
16.76) 0.14059
16.77) 0.14059
16.78) 0.14059
16.79) 0.14059
16.8) 0.14059
16.81) 0.14059
16.82) 0.14059
16.83) 0.14059
16.84) 0.14059
16.85) 0.14059
16.86) 0.14059
16.87) 0.14059
16.88) 0.14059
16.89) 0.14059
16.9) 0.14059
16.91) 0.14059
16.92) 0.1406
16.93) 0.14059
16.94) 0.14059
16.95) 0.14059
16.96) 0.1406
16.97) 0.14059
16.98) 0.1406
16.99) 0.1406
17.0) 0.1406
17.01) 0.1406
17.02) 0.1406
17.03) 0.1406
17.04) 0.1406
17.05) 0.1406
17.06) 0.1406
17.07) 0.14061
17.08) 0.14061
17.09) 0.14061
17.1) 0.14061
17.11) 0.14061
17.12) 0.14061
17.13) 0.14061
17.14) 0.14061
17.15) 0.14061
17.16) 0.14061
17.17) 0.14061
17.18) 0.14061
17.19) 0.14061
17.2) 0.14061
17.21) 0.14062
17.22) 0.14062
17.23) 0.14061
17.24) 0.14061
17.25) 0.14061
17.26) 0.14061
17.27) 0.14061
17.28) 0.14061
17.29) 0.14061
17.3) 0.14061
17.31) 0.14061
17.32) 0.14061
17.33) 0.14061
17.34) 0.14061
17.35) 0.14061
17.36) 0.14061
17.37) 0.14062
17.38) 0.14061
17.39) 0.14061
17.42) 0.1406
17.41) 0.14061
17.42) 0.14061
17.43) 0.14061
17.44) 0.14061
17.45) 0.14061
17.46) 0.14061
17.47) 0.14061
17.48) 0.14061
17.49) 0.14061
17.5) 0.14061
17.51) 0.1406
17.52) 0.1406
17.53) 0.1406
17.54) 0.1406
17.55) 0.1406
17.56) 0.1406
17.57) 0.1406
17.58) 0.14059
17.59) 0.14059
17.6) 0.14059
17.61) 0.14059
17.62) 0.14058
17.63) 0.14058
17.64) 0.14058
17.65) 0.14058
17.66) 0.14058
17.67) 0.14058
17.68) 0.14059
17.69) 0.14059
17.7) 0.14059
17.71) 0.14058
17.72) 0.14058
17.73) 0.14058
17.74) 0.14058
17.75) 0.14058
17.76) 0.14058
17.77) 0.14058
17.78) 0.14058
17.79) 0.14058
17.8) 0.14058
17.81) 0.14058
17.82) 0.14058
17.83) 0.14058
17.84) 0.14057
17.85) 0.14057
17.86) 0.14058
17.87) 0.14058
17.88) 0.14058
17.89) 0.14058
17.92) 0.14058
17.91) 0.14058
17.92) 0.14058
17.93) 0.14058
17.94) 0.14058
17.95) 0.14058
17.96) 0.14058
17.97) 0.14057
17.98) 0.14057
17.99) 0.14057
18.0) 0.14057
18.01) 0.14057
18.02) 0.14057
18.03) 0.14056
18.04) 0.14056
18.05) 0.14056
18.06) 0.14056
18.07) 0.14056
18.08) 0.14055
18.09) 0.14056
18.1) 0.14056
18.11) 0.14057
18.12) 0.14058
18.13) 0.14058
18.14) 0.14057
18.15) 0.14057
18.16) 0.14057
18.17) 0.14057
18.18) 0.14057
18.19) 0.14057
18.2) 0.14058
18.21) 0.14057
18.22) 0.14058
18.23) 0.14059
18.24) 0.14058
18.25) 0.14058
18.26) 0.14057
18.27) 0.14058
18.28) 0.14059
18.29) 0.14059
18.3) 0.14059
18.31) 0.14059
18.32) 0.14059
18.33) 0.14058
18.34) 0.14057
18.35) 0.14057
18.36) 0.14056
18.37) 0.14056
18.38) 0.14057
18.39) 0.14056
18.42) 0.14057
18.41) 0.14057
18.42) 0.14056
18.43) 0.14056
18.44) 0.14056
18.45) 0.14055
18.46) 0.14056
18.47) 0.14056
18.48) 0.14056
18.49) 0.14055
18.5) 0.14056
18.51) 0.14056
18.52) 0.14055
18.53) 0.14055
18.54) 0.14054
18.55) 0.14054
18.56) 0.14054
18.57) 0.14055
18.58) 0.14055
18.59) 0.14056
18.6) 0.14056
18.61) 0.14056
18.62) 0.14056
18.63) 0.14055
18.64) 0.14055
18.65) 0.14055
18.66) 0.14054
18.67) 0.14054
18.68) 0.14053
18.69) 0.14053
18.7) 0.14053
18.71) 0.14052
18.72) 0.14052
18.73) 0.14053
18.74) 0.14053
18.75) 0.14054
18.76) 0.14053
18.77) 0.14054
18.78) 0.14054
18.79) 0.14054
18.8) 0.14054
18.81) 0.14054
18.82) 0.14055
18.83) 0.14055
18.84) 0.14055
18.85) 0.14055
18.86) 0.14055
18.87) 0.14054
18.88) 0.14054
18.89) 0.14054
18.92) 0.14054
18.91) 0.14055
18.92) 0.14055
18.93) 0.14055
18.94) 0.14056
18.95) 0.14056
18.96) 0.14057
18.97) 0.14057
18.98) 0.14056
18.99) 0.14056
19.0) 0.14057
19.01) 0.14056
19.02) 0.14056
19.03) 0.14057
19.04) 0.14056
19.05) 0.14056
19.06) 0.14056
19.07) 0.14056
19.08) 0.14056
19.09) 0.14056
19.1) 0.14056
19.11) 0.14056
19.12) 0.14056
19.13) 0.14056
19.14) 0.14056
19.15) 0.14056
19.16) 0.14056
19.17) 0.14056
19.18) 0.14056
19.19) 0.14056
19.2) 0.14057
19.21) 0.14056
19.22) 0.14056
19.23) 0.14056
19.24) 0.14056
19.25) 0.14056
19.26) 0.14056
19.27) 0.14056
19.28) 0.14056
19.29) 0.14056
19.3) 0.14056
19.31) 0.14056
19.32) 0.14057
19.33) 0.14057
19.34) 0.14057
19.35) 0.14056
19.36) 0.14056
19.37) 0.14056
19.38) 0.14056
19.39) 0.14057
19.42) 0.14057
19.41) 0.14057
19.42) 0.14057
19.43) 0.14057
19.44) 0.14057
19.45) 0.14057
19.46) 0.14058
19.47) 0.14058
19.48) 0.14058
19.49) 0.14058
19.5) 0.14058
19.51) 0.14059
19.52) 0.14059
19.53) 0.14059
19.54) 0.14058
19.55) 0.14059
19.56) 0.14059
19.57) 0.14059
19.58) 0.14059
19.59) 0.14058
19.6) 0.14059
19.61) 0.14059
19.62) 0.14059
19.63) 0.14058
19.64) 0.14058
19.65) 0.14058
19.66) 0.14058
19.67) 0.14058
19.68) 0.14058
19.69) 0.14058
19.7) 0.14058
19.71) 0.14058
19.72) 0.14058
19.73) 0.14059
19.74) 0.14059
19.75) 0.14058
19.76) 0.14058
19.77) 0.14058
19.78) 0.14058
19.79) 0.14058
19.8) 0.14058
19.81) 0.14057
19.82) 0.14057
19.83) 0.14057
19.84) 0.14057
19.85) 0.14057
19.86) 0.14057
19.87) 0.14057
19.88) 0.14057
19.89) 0.14057
19.92) 0.14057
19.91) 0.14057
19.92) 0.14057
19.93) 0.14058
19.94) 0.14058
19.95) 0.14058
19.96) 0.14058
19.97) 0.14058
19.98) 0.14058
19.99) 0.14058
20.0) 0.14058
