0.0) 1.5
0.01) 1.49991
0.02) 1.49963
0.03) 1.49916
0.04) 1.4985
0.05) 1.49766
0.06) 1.49663
0.07) 1.49542
0.08) 1.49402
0.09) 1.49244
0.1) 1.49067
0.11) 1.48872
0.12) 1.48659
0.13) 1.48428
0.14) 1.48179
0.15) 1.47913
0.16) 1.47629
0.17) 1.47328
0.18) 1.47009
0.19) 1.46673
0.2) 1.4632
0.21) 1.45951
0.22) 1.45565
0.23) 1.45163
0.24) 1.44745
0.25) 1.44311
0.26) 1.43861
0.27) 1.43396
0.28) 1.42916
0.29) 1.42421
0.3) 1.41911
0.31) 1.41387
0.32) 1.40849
0.33) 1.40297
0.34) 1.39731
0.3503) 1.39152
0.36) 1.3856
0.37) 1.37955
0.38) 1.37338
0.39) 1.36709
0.4) 1.36068
0.4103) 1.35415
0.42) 1.34751
0.43) 1.34076
0.44) 1.3339
0.45) 1.32694
0.46) 1.31988
0.4703) 1.31272
0.48) 1.30546
0.49) 1.29811
0.5) 1.29067
0.51) 1.28315
0.52) 1.27554
0.53) 1.26785
0.54) 1.26009
0.55) 1.25225
0.56) 1.24434
0.571) 1.23636
0.58) 1.22832
0.59) 1.22022
0.6) 1.21206
0.61) 1.20384
0.62) 1.19556
0.63) 1.18723
0.64) 1.17885
0.65) 1.17043
0.66) 1.16197
0.67) 1.15346
0.68) 1.14492
0.691) 1.13634
0.701) 1.12773
0.71) 1.11909
0.72) 1.11042
0.73) 1.10172
0.74) 1.093
0.75) 1.08426
0.76) 1.0755
0.77) 1.06672
0.78) 1.05793
0.79) 1.04913
0.8) 1.04031
0.81) 1.03149
0.821) 1.02266
0.831) 1.01382
0.84) 1.00498
0.85) 0.99614
0.86) 0.9873
0.87) 0.97846
0.88) 0.96963
0.89) 0.9608
0.9) 0.95198
0.91) 0.94317
0.92) 0.93437
0.93) 0.92558
0.941) 0.91681
0.951) 0.90805
0.96) 0.89931
0.97) 0.89058
0.98) 0.88187
0.99) 0.87318
1.0) 0.86451
1.01) 0.85586
1.02) 0.84724
1.03) 0.83864
1.04) 0.83007
1.05) 0.82152
1.06) 0.813
1.07) 0.80451
1.08) 0.79604
1.09) 0.7876
1.1) 0.77919
1.11) 0.77081
1.12) 0.76247
1.131) 0.75416
1.141) 0.74588
1.151) 0.73763
1.16) 0.72942
1.17) 0.72124
1.18) 0.7131
1.19) 0.70499
1.2) 0.69692
1.21) 0.68888
1.22) 0.68088
1.23) 0.67291
1.24) 0.66498
1.25) 0.65709
1.26) 0.64924
1.27) 0.64142
1.28) 0.63364
1.29) 0.6259
1.3) 0.6182
1.31) 0.61054
1.32) 0.60291
1.33) 0.59532
1.34) 0.58777
1.35) 0.58026
1.36) 0.57279
1.37) 0.56536
1.381) 0.55796
1.391) 0.5506
1.401) 0.54328
1.41) 0.536
1.42) 0.52876
1.43) 0.52156
1.44) 0.51439
1.45) 0.50726
1.46) 0.50017
1.47) 0.49312
1.48) 0.4861
1.49) 0.47912
1.5) 0.47218
1.51) 0.46527
1.52) 0.4584
1.53) 0.45157
1.54) 0.44477
1.55) 0.43801
1.56) 0.43128
1.57) 0.42459
1.58) 0.41793
1.59) 0.41131
1.6) 0.40472
1.61) 0.39817
1.62) 0.39165
1.631) 0.38516
1.641) 0.37871
1.651) 0.37229
1.661) 0.3659
1.67) 0.35954
1.68) 0.35321
1.69) 0.34691
1.7) 0.34065
1.71) 0.33442
1.72) 0.32821
1.73) 0.32203
1.74) 0.31588
1.75) 0.30976
1.76) 0.30367
1.77) 0.29761
1.78) 0.29157
1.79) 0.28556
1.8) 0.27958
1.81) 0.27362
1.82) 0.26769
1.83) 0.26178
1.84) 0.2559
1.85) 0.25004
1.86) 0.2442
1.87) 0.23839
1.881) 0.2326
1.891) 0.22683
1.901) 0.22108
1.911) 0.21535
1.92) 0.20965
1.93) 0.20397
1.94) 0.1983
1.95) 0.19265
1.96) 0.18702
1.97) 0.18141
1.98) 0.17582
1.99) 0.17025
2.0) 0.16469
2.012) 0.15915
2.02) 0.15362
2.032) 0.14811
2.04) 0.14261
2.05) 0.13713
2.06) 0.13166
2.07) 0.1262
2.08) 0.12076
2.09) 0.11533
2.1) 0.10991
2.11) 0.1045
2.12) 0.0991
2.13) 0.09371
2.14) 0.08833
2.15) 0.08296
2.16) 0.0776
2.17) 0.07224
2.18) 0.06689
2.19) 0.06155
2.2) 0.05621
2.21) 0.05088
2.22) 0.04555
2.23) 0.04023
2.24) 0.03491
2.25) 0.0296
2.262) 0.02429
2.27) 0.01898
2.282) 0.01367
2.29) 0.00837
2.303) 0.00307
2.31) -0.00223
2.32) -0.00753
2.33) -0.01283
2.34) -0.01814
2.35) -0.02345
2.36) -0.02876
2.37) -0.03407
2.38) -0.03939
2.39) -0.04471
2.4) -0.05003
2.41) -0.05536
2.42) -0.0607
2.43) -0.06604
2.44) -0.07139
2.45) -0.07674
2.46) -0.0821
2.47) -0.08747
2.48) -0.09285
2.49) -0.09824
2.5) -0.10364
2.512) -0.10905
2.52) -0.11447
2.532) -0.1199
2.54) -0.12534
2.553) -0.13079
2.56) -0.13626
2.57) -0.14174
2.58) -0.14723
2.59) -0.15274
2.6) -0.15826
2.61) -0.1638
2.62) -0.16936
2.63) -0.17493
2.64) -0.18052
2.65) -0.18613
2.66) -0.19175
2.67) -0.19739
2.68) -0.20305
2.69) -0.20873
2.7) -0.21443
2.71) -0.22015
2.72) -0.22589
2.73) -0.23165
2.74) -0.23744
2.75) -0.24325
2.762) -0.24908
2.77) -0.25493
2.782) -0.26081
2.79) -0.26671
2.803) -0.27264
2.81) -0.27859
2.82) -0.28457
2.83) -0.29057
2.84) -0.2966
2.85) -0.30266
2.86) -0.30875
2.87) -0.31486
2.88) -0.321
2.89) -0.32717
2.9) -0.33337
2.91) -0.3396
2.92) -0.34586
2.93) -0.35215
2.94) -0.35847
2.95) -0.36482
2.96) -0.3712
2.97) -0.37762
2.98) -0.38407
2.99) -0.39055
3.0) -0.39706
3.012) -0.40361
3.02) -0.41019
3.032) -0.41681
3.04) -0.42346
3.053) -0.43014
3.06) -0.43686
3.073) -0.44361
3.08) -0.4504
3.09) -0.45723
3.1) -0.46409
3.11) -0.47099
3.12) -0.47793
3.13) -0.4849
3.14) -0.49191
3.15) -0.49896
3.16) -0.50604
3.17) -0.51316
3.18) -0.52032
3.19) -0.52752
3.2) -0.53476
3.21) -0.54203
3.22) -0.54934
3.23) -0.55669
3.24) -0.56408
3.25) -0.57151
3.262) -0.57898
3.27) -0.58648
3.282) -0.59402
3.29) -0.6016
3.303) -0.60922
3.31) -0.61688
3.323) -0.62458
3.33) -0.63231
3.34) -0.64008
3.35) -0.64789
3.36) -0.65574
3.37) -0.66363
3.38) -0.67155
3.39) -0.67951
3.4) -0.68751
3.41) -0.69554
3.42) -0.70361
3.43) -0.71171
3.44) -0.71985
3.45) -0.72802
3.46) -0.73623
3.47) -0.74447
3.48) -0.75274
3.49) -0.76105
3.5) -0.76939
3.512) -0.77776
3.52) -0.78616
3.532) -0.79459
3.54) -0.80305
3.553) -0.81154
3.56) -0.82006
3.573) -0.8286
3.58) -0.83717
3.59) -0.84576
3.6) -0.85438
3.61) -0.86302
3.62) -0.87168
3.63) -0.88036
3.64) -0.88906
3.65) -0.89778
3.66) -0.90652
3.67) -0.91528
3.68) -0.92405
3.69) -0.93284
3.7) -0.94164
3.71) -0.95045
3.72) -0.95927
3.73) -0.96809
3.74) -0.97692
3.75) -0.98576
3.762) -0.9946
3.77) -1.00344
3.782) -1.01228
3.79) -1.02112
3.803) -1.02995
3.81) -1.03878
3.823) -1.0476
3.83) -1.05641
3.84) -1.0652
3.85) -1.07398
3.86) -1.08274
3.87) -1.09149
3.88) -1.10021
3.89) -1.10891
3.9) -1.11759
3.91) -1.12624
3.92) -1.13486
3.93) -1.14345
3.94) -1.152
3.95) -1.16051
3.96) -1.16898
3.97) -1.17741
3.98) -1.18579
3.99) -1.19413
4.0) -1.20241
4.01) -1.21064
4.025) -1.21881
4.03) -1.22693
4.04) -1.23498
4.05) -1.24297
4.065) -1.25089
4.07) -1.25874
4.08) -1.26652
4.09) -1.27422
4.1) -1.28184
4.11) -1.28938
4.12) -1.29683
4.13) -1.30419
4.14) -1.31146
4.15) -1.31864
4.16) -1.32572
4.17) -1.3327
4.18) -1.33958
4.19) -1.34635
4.2) -1.35301
4.21) -1.35956
4.22) -1.36599
4.23) -1.37231
4.24) -1.3785
4.25) -1.38457
4.26) -1.39051
4.275) -1.39632
4.28) -1.402
4.29) -1.40755
4.3) -1.41296
4.315) -1.41823
4.32) -1.42335
4.33) -1.42833
4.34) -1.43316
4.355) -1.43784
4.36) -1.44236
4.37) -1.44673
4.38) -1.45094
4.39) -1.45499
4.4) -1.45888
4.41) -1.4626
4.42) -1.46616
4.43) -1.46955
4.44) -1.47277
4.45) -1.47581
4.46) -1.47868
4.47) -1.48138
4.48) -1.4839
4.49) -1.48624
4.5) -1.4884
4.51) -1.49038
4.525) -1.49218
4.53) -1.49379
4.54) -1.49522
4.55) -1.49647
4.565) -1.49753
4.57) -1.4984
4.58) -1.49909
4.59) -1.49959
4.605) -1.4999
4.61) -1.50003
4.62) -1.49997
4.63) -1.49972
4.64) -1.49928
4.65) -1.49866
4.66) -1.49785
4.67) -1.49685
4.68) -1.49567
4.69) -1.4943
4.7) -1.49275
4.71) -1.49102
4.72) -1.4891
4.73) -1.487
4.74) -1.48472
4.75) -1.48226
4.76) -1.47963
4.775) -1.47682
4.78) -1.47384
4.79) -1.47068
4.8) -1.46735
4.815) -1.46385
4.82) -1.46018
4.83) -1.45635
4.84) -1.45236
4.855) -1.44821
4.86) -1.4439
4.87) -1.43943
4.88) -1.43481
4.89) -1.43003
4.9) -1.4251
4.91) -1.42003
4.92) -1.41481
4.93) -1.40945
4.94) -1.40395
4.95) -1.39832
4.96) -1.39255
4.97) -1.38665
4.98) -1.38062
4.99) -1.37447
5.0) -1.3682
5.01) -1.36181
5.025) -1.3553
5.03) -1.34868
5.04) -1.34195
5.05) -1.33511
5.065) -1.32816
5.07) -1.32111
5.08) -1.31396
5.09) -1.30672
5.105) -1.29939
5.11) -1.29197
5.12) -1.28446
5.13) -1.27687
5.14) -1.2692
5.15) -1.26145
5.16) -1.25362
5.17) -1.24572
5.18) -1.23775
5.19) -1.22972
5.2) -1.22162
5.21) -1.21346
5.22) -1.20525
5.23) -1.19698
5.24) -1.18866
5.25) -1.18029
5.26) -1.17188
5.275) -1.16342
5.28) -1.15492
5.29) -1.14638
5.3) -1.13781
5.315) -1.1292
5.32) -1.12056
5.33) -1.11189
5.34) -1.1032
5.355) -1.09448
5.36) -1.08574
5.37) -1.07698
5.38) -1.0682
5.39) -1.05941
5.4) -1.05061
5.41) -1.0418
5.42) -1.03298
5.43) -1.02415
5.44) -1.01531
5.45) -1.00647
5.46) -0.99763
5.47) -0.98879
5.48) -0.97995
5.49) -0.97112
5.5) -0.96229
5.51) -0.95347
5.525) -0.94466
5.53) -0.93586
5.54) -0.92707
5.55) -0.91829
5.565) -0.90953
5.57) -0.90078
5.58) -0.89205
5.59) -0.88334
5.605) -0.87465
5.61) -0.86598
5.62) -0.85733
5.63) -0.8487
5.64) -0.8401
5.65) -0.83152
5.66) -0.82297
5.67) -0.81444
5.68) -0.80594
5.69) -0.79747
5.7) -0.78903
5.71) -0.78062
5.72) -0.77224
5.73) -0.76389
5.74) -0.75557
5.75) -0.74728
5.76) -0.73903
5.775) -0.73081
5.78) -0.72262
5.79) -0.71447
5.8) -0.70635
5.815) -0.69827
5.82) -0.69022
5.83) -0.68221
5.84) -0.67424
5.855) -0.6663
5.86) -0.6584
5.87) -0.65054
5.88) -0.64272
5.89) -0.63493
5.9) -0.62718
5.91) -0.61947
5.92) -0.6118
5.93) -0.60417
5.94) -0.59657
5.95) -0.58901
5.96) -0.58149
5.97) -0.57401
5.98) -0.56657
5.99) -0.55917
6.0) -0.5518
6.01) -0.54447
6.025) -0.53718
6.03) -0.52993
6.04) -0.52272
6.05) -0.51555
6.065) -0.50841
6.07) -0.50131
6.08) -0.49425
6.09) -0.48723
6.105) -0.48024
6.11) -0.47329
6.12) -0.46638
6.13) -0.4595
6.14) -0.45266
6.15) -0.44586
6.16) -0.43909
6.17) -0.43236
6.18) -0.42566
6.19) -0.419
6.2) -0.41237
6.21) -0.40578
6.22) -0.39922
6.23) -0.39269
6.24) -0.3862
6.25) -0.37974
6.26) -0.37331
6.275) -0.36691
6.28) -0.36055
6.29) -0.35422
6.3) -0.34792
6.315) -0.34165
6.32) -0.33541
6.33) -0.3292
6.34) -0.32302
6.355) -0.31687
6.36) -0.31075
6.37) -0.30465
6.38) -0.29858
6.39) -0.29254
6.4) -0.28653
6.41) -0.28054
6.42) -0.27458
6.43) -0.26864
6.44) -0.26273
6.45) -0.25684
6.46) -0.25098
6.47) -0.24514
6.48) -0.23932
6.49) -0.23353
6.5) -0.22776
6.51) -0.22201
6.525) -0.21628
6.53) -0.21057
6.54) -0.20488
6.55) -0.19921
6.565) -0.19356
6.57) -0.18793
6.58) -0.18232
6.59) -0.17672
6.605) -0.17114
6.61) -0.16558
6.62) -0.16003
6.63) -0.1545
6.64) -0.14898
6.65) -0.14348
6.66) -0.13799
6.67) -0.13252
6.68) -0.12706
6.69) -0.12161
6.7) -0.11617
6.71) -0.11075
6.72) -0.10534
6.73) -0.09994
6.74) -0.09455
6.75) -0.08917
6.76) -0.0838
6.775) -0.07843
6.78) -0.07307
6.79) -0.06772
6.8) -0.06238
6.815) -0.05704
6.82) -0.05171
6.83) -0.04638
6.84) -0.04106
6.855) -0.03574
6.86) -0.03042
6.87) -0.02511
6.88) -0.0198
6.89) -0.01449
6.9) -0.00918
6.91) -0.00387
6.92) 0.00143
6.93) 0.00673
6.94) 0.01204
6.95) 0.01735
6.96) 0.02266
6.97) 0.02797
6.98) 0.03328
6.99) 0.0386
7.0) 0.04392
7.01) 0.04925
7.025) 0.05458
7.03) 0.05992
7.04) 0.06526
7.05) 0.07061
7.065) 0.07597
7.07) 0.08133
7.08) 0.0867
7.09) 0.09208
7.105) 0.09747
7.11) 0.10287
7.12) 0.10828
7.13) 0.1137
7.14) 0.11913
7.15) 0.12457
7.16) 0.13002
7.17) 0.13549
7.18) 0.14097
7.19) 0.14646
7.2) 0.15197
7.21) 0.15749
7.22) 0.16303
7.23) 0.16858
7.24) 0.17415
7.25) 0.17974
7.26) 0.18534
7.275) 0.19096
7.28) 0.1966
7.29) 0.20226
7.3) 0.20794
7.315) 0.21364
7.32) 0.21936
7.33) 0.2251
7.34) 0.23086
7.355) 0.23664
7.36) 0.24245
7.37) 0.24828
7.38) 0.25413
7.39) 0.26001
7.4) 0.26591
7.41) 0.27183
7.42) 0.27778
7.43) 0.28376
7.44) 0.28976
7.45) 0.29579
7.46) 0.30185
7.47) 0.30793
7.48) 0.31404
7.49) 0.32018
7.5) 0.32635
7.51) 0.33255
7.525) 0.33878
7.53) 0.34504
7.54) 0.35133
7.55) 0.35765
7.565) 0.364
7.57) 0.37038
7.58) 0.37679
7.59) 0.38323
7.605) 0.38971
7.61) 0.39622
7.62) 0.40276
7.63) 0.40934
7.64) 0.41595
7.65) 0.4226
7.66) 0.42928
7.67) 0.436
7.68) 0.44275
7.69) 0.44954
7.7) 0.45636
7.71) 0.46322
7.72) 0.47012
7.73) 0.47705
7.74) 0.48402
7.75) 0.49103
7.76) 0.49807
7.775) 0.50515
7.78) 0.51227
7.79) 0.51943
7.8) 0.52662
7.815) 0.53385
7.82) 0.54112
7.83) 0.54843
7.84) 0.55578
7.855) 0.56317
7.86) 0.57059
7.87) 0.57805
7.88) 0.58555
7.89) 0.59309
7.9) 0.60067
7.91) 0.60829
7.92) 0.61594
7.93) 0.62363
7.94) 0.63136
7.95) 0.63913
7.96) 0.64694
7.97) 0.65478
7.98) 0.66266
7.99) 0.67058
8.0) 0.67854
8.01) 0.68653
8.02) 0.69456
8.03) 0.70262
8.04) 0.71072
8.05) 0.71886
8.06) 0.72703
8.07) 0.73523
8.08) 0.74347
8.09) 0.75174
8.1) 0.76004
8.11) 0.76838
8.12) 0.77675
8.13) 0.78515
8.14) 0.79358
8.15) 0.80204
8.16) 0.81053
8.17) 0.81904
8.18) 0.82758
8.19) 0.83615
8.2) 0.84474
8.21) 0.85336
8.22) 0.862
8.23) 0.87066
8.24) 0.87934
8.25) 0.88804
8.26) 0.89676
8.27) 0.9055
8.28) 0.91426
8.29) 0.92303
8.3) 0.93181
8.31) 0.94061
8.32) 0.94942
8.33) 0.95824
8.34) 0.96706
8.35) 0.97589
8.36) 0.98473
8.37) 0.99357
8.38) 1.00241
8.39) 1.01125
8.4) 1.02009
8.41) 1.02892
8.42) 1.03775
8.43) 1.04657
8.44) 1.05538
8.45) 1.06418
8.46) 1.07296
8.47) 1.08173
8.48) 1.09048
8.49) 1.09921
8.5) 1.10791
8.51) 1.11659
8.52) 1.12524
8.53) 1.13386
8.54) 1.14245
8.55) 1.151
8.56) 1.15952
8.57) 1.168
8.58) 1.17643
8.59) 1.18482
8.6) 1.19316
8.61) 1.20145
8.62) 1.20969
8.63) 1.21787
8.64) 1.22599
8.65) 1.23405
8.66) 1.24205
8.67) 1.24998
8.68) 1.25784
8.69) 1.26563
8.71) 1.27334
8.71) 1.28097
8.72) 1.28852
8.73) 1.29598
8.74) 1.30336
8.75) 1.31064
8.76) 1.31783
8.77) 1.32492
8.78) 1.33191
8.79) 1.3388
8.8) 1.34558
8.81) 1.35225
8.82) 1.35881
8.83) 1.36526
8.84) 1.37159
8.85) 1.3778
8.86) 1.38388
8.87) 1.38984
8.88) 1.39567
8.89) 1.40137
8.9) 1.40693
8.91) 1.41235
8.92) 1.41763
8.93) 1.42277
8.94) 1.42776
8.95) 1.43261
8.96) 1.43731
8.97) 1.44185
8.98) 1.44624
8.99) 1.45047
9.0) 1.45454
9.01) 1.45845
9.02) 1.46219
9.03) 1.46577
9.04) 1.46918
9.05) 1.47242
9.06) 1.47548
9.07) 1.47837
9.08) 1.48109
9.09) 1.48363
9.1) 1.48599
9.11) 1.48817
9.12) 1.49017
9.13) 1.49199
9.14) 1.49363
9.15) 1.49508
9.16) 1.49635
9.17) 1.49743
9.18) 1.49833
9.19) 1.49904
9.21) 1.49956
9.21) 1.49989
9.22) 1.50004
9.23) 1.5
9.24) 1.49977
9.25) 1.49936
9.26) 1.49876
9.27) 1.49797
9.28) 1.49699
9.29) 1.49583
9.3) 1.49448
9.31) 1.49295
9.32) 1.49124
9.33) 1.48934
9.34) 1.48726
9.35) 1.485
9.36) 1.48256
9.37) 1.47995
9.38) 1.47716
9.39) 1.47419
9.4) 1.47105
9.41) 1.46774
9.42) 1.46426
9.43) 1.46061
9.44) 1.4568
9.45) 1.45282
9.46) 1.44868
9.47) 1.44438
9.48) 1.43993
9.49) 1.43532
9.5) 1.43056
9.51) 1.42565
9.52) 1.42059
9.53) 1.41539
9.54) 1.41005
9.55) 1.40457
9.56) 1.39895
9.57) 1.3932
9.58) 1.38732
9.59) 1.38131
9.6) 1.37517
9.61) 1.36891
9.62) 1.36253
9.63) 1.35603
9.64) 1.34942
9.65) 1.3427
9.66) 1.33587
9.67) 1.32894
9.68) 1.3219
9.69) 1.31477
9.71) 1.30754
9.71) 1.30022
9.72) 1.29281
9.73) 1.28531
9.74) 1.27773
9.75) 1.27007
9.76) 1.26233
9.77) 1.25451
9.78) 1.24662
9.79) 1.23866
9.8) 1.23064
9.81) 1.22255
9.82) 1.2144
9.83) 1.20619
9.84) 1.19793
9.85) 1.18962
9.86) 1.18126
9.87) 1.17285
9.88) 1.1644
9.89) 1.15591
9.9) 1.14738
9.91) 1.13881
9.92) 1.13021
9.93) 1.12158
9.94) 1.11292
9.95) 1.10423
9.96) 1.09552
9.97) 1.08678
9.98) 1.07802
9.99) 1.06925
10.0) 1.06046
10.01) 1.05166
10.02) 1.04285
10.03) 1.03403
10.04) 1.0252
10.05) 1.01637
10.06) 1.00753
10.07) 0.99869
10.08) 0.98985
10.09) 0.98101
10.1) 0.97218
10.11) 0.96335
10.12) 0.95453
10.13) 0.94572
10.14) 0.93692
10.15) 0.92813
10.16) 0.91935
10.17) 0.91059
10.18) 0.90184
10.19) 0.89311
10.21) 0.8844
10.21) 0.87571
10.22) 0.86704
10.23) 0.85839
10.24) 0.84976
10.25) 0.84115
10.26) 0.83257
10.27) 0.82401
10.28) 0.81548
10.29) 0.80698
10.3) 0.79851
10.31) 0.79006
10.32) 0.78164
10.33) 0.77325
10.34) 0.7649
10.35) 0.75658
10.36) 0.74829
10.37) 0.74003
10.38) 0.73181
10.39) 0.72362
10.4) 0.71546
10.41) 0.70734
10.42) 0.69925
10.43) 0.6912
10.44) 0.68319
10.45) 0.67521
10.46) 0.66727
10.47) 0.65937
10.48) 0.6515
10.49) 0.64367
10.5) 0.63588
10.51) 0.62813
10.52) 0.62041
10.53) 0.61273
10.54) 0.60509
10.55) 0.59749
10.56) 0.58993
10.57) 0.58241
10.58) 0.57492
10.59) 0.56747
10.6) 0.56006
10.61) 0.55269
10.62) 0.54536
10.63) 0.53807
10.64) 0.53082
10.65) 0.5236
10.66) 0.51642
10.67) 0.50928
10.68) 0.50218
10.69) 0.49511
10.71) 0.48808
10.71) 0.48109
10.72) 0.47414
10.73) 0.46722
10.74) 0.46034
10.75) 0.4535
10.76) 0.44669
10.77) 0.43992
10.78) 0.43318
10.79) 0.42648
10.8) 0.41981
10.81) 0.41318
10.82) 0.40658
10.83) 0.40002
10.84) 0.39349
10.85) 0.38699
10.86) 0.38053
10.87) 0.3741
10.88) 0.3677
10.89) 0.36133
10.9) 0.35499
10.91) 0.34868
10.92) 0.34241
10.93) 0.33617
10.94) 0.32996
10.95) 0.32377
10.96) 0.31761
10.97) 0.31148
10.98) 0.30538
10.99) 0.29931
11.0) 0.29327
11.01) 0.28725
11.02) 0.28126
11.03) 0.27529
11.04) 0.26935
11.05) 0.26343
11.06) 0.25754
11.07) 0.25167
11.08) 0.24583
11.09) 0.24001
11.1) 0.23421
11.11) 0.22843
11.12) 0.22268
11.13) 0.21695
11.14) 0.21124
11.15) 0.20555
11.16) 0.19988
11.17) 0.19423
11.18) 0.1886
11.19) 0.18298
11.21) 0.17738
11.21) 0.1718
11.22) 0.16624
11.23) 0.16069
11.24) 0.15516
11.25) 0.14964
11.26) 0.14414
11.27) 0.13865
11.28) 0.13317
11.29) 0.12771
11.3) 0.12226
11.31) 0.11682
11.32) 0.11139
11.33) 0.10597
11.34) 0.10057
11.35) 0.09518
11.36) 0.08979
11.37) 0.08441
11.38) 0.07904
11.39) 0.07368
11.4) 0.06833
11.41) 0.06298
11.42) 0.05764
11.43) 0.05231
11.44) 0.04698
11.45) 0.04166
11.46) 0.03634
11.47) 0.03102
11.48) 0.02571
11.49) 0.0204
11.5) 0.01509
11.51) 0.00978
11.52) 0.00447
11.53) -8.4E-4
11.54) -0.00615
11.55) -0.01146
11.56) -0.01677
11.57) -0.02208
11.58) -0.02739
11.59) -0.0327
11.6) -0.03802
11.61) -0.04334
11.62) -0.04867
11.63) -0.054
11.64) -0.05934
11.65) -0.06468
11.66) -0.07003
11.67) -0.07538
11.68) -0.08074
11.69) -0.08611
11.71) -0.09149
11.71) -0.09688
11.72) -0.10228
11.73) -0.10769
11.74) -0.11311
11.75) -0.11854
11.76) -0.12398
11.77) -0.12943
11.78) -0.1349
11.79) -0.14038
11.8) -0.14587
11.81) -0.15138
11.82) -0.1569
11.83) -0.16244
11.84) -0.16799
11.85) -0.17356
11.86) -0.17915
11.87) -0.18475
11.88) -0.19037
11.89) -0.19601
11.9) -0.20167
11.91) -0.20735
11.92) -0.21305
11.93) -0.21877
11.94) -0.22451
11.95) -0.23027
11.96) -0.23605
11.97) -0.24185
11.98) -0.24768
11.99) -0.25353
12.0) -0.2594
12.01) -0.2653
12.02) -0.27122
12.03) -0.27717
12.04) -0.28314
12.05) -0.28914
12.06) -0.29517
12.07) -0.30122
12.08) -0.3073
12.09) -0.31341
12.1) -0.31955
12.11) -0.32572
12.12) -0.33191
12.13) -0.33813
12.14) -0.34438
12.15) -0.35066
12.16) -0.35698
12.17) -0.36333
12.18) -0.36971
12.19) -0.37612
12.21) -0.38256
12.21) -0.38904
12.22) -0.39555
12.23) -0.40209
12.24) -0.40867
12.25) -0.41528
12.26) -0.42192
12.27) -0.4286
12.28) -0.43531
12.29) -0.44206
12.3) -0.44884
12.31) -0.45566
12.32) -0.46252
12.33) -0.46941
12.34) -0.47634
12.35) -0.48331
12.36) -0.49031
12.37) -0.49735
12.38) -0.50443
12.39) -0.51154
12.4) -0.51869
12.41) -0.52588
12.42) -0.53311
12.43) -0.54038
12.44) -0.54768
12.45) -0.55502
12.46) -0.5624
12.47) -0.56982
12.48) -0.57728
12.49) -0.58478
12.5) -0.59232
12.51) -0.59989
12.52) -0.6075
12.53) -0.61515
12.54) -0.62284
12.55) -0.63057
12.56) -0.63834
12.57) -0.64614
12.58) -0.65398
12.59) -0.66186
12.6) -0.66978
12.61) -0.67773
12.62) -0.68572
12.63) -0.69375
12.64) -0.70181
12.65) -0.70991
12.66) -0.71804
12.67) -0.72621
12.68) -0.73441
12.69) -0.74265
12.71) -0.75092
12.71) -0.75922
12.72) -0.76755
12.73) -0.77591
12.74) -0.78431
12.75) -0.79274
12.76) -0.8012
12.77) -0.80968
12.78) -0.81819
12.79) -0.82673
12.8) -0.8353
12.81) -0.84389
12.82) -0.8525
12.83) -0.86114
12.84) -0.8698
12.85) -0.87848
12.86) -0.88718
12.87) -0.8959
12.88) -0.90464
12.89) -0.91339
12.9) -0.92216
12.91) -0.93094
12.92) -0.93974
12.93) -0.94855
12.94) -0.95737
12.95) -0.96619
12.96) -0.97502
12.97) -0.98386
12.98) -0.9927
12.99) -1.00154
13.0) -1.01038
13.01) -1.01922
13.02) -1.02805
13.03) -1.03688
13.04) -1.0457
13.05) -1.05451
13.06) -1.06331
13.07) -1.07209
13.08) -1.08086
13.09) -1.08961
13.1) -1.09834
13.11) -1.10705
13.12) -1.11573
13.13) -1.12439
13.14) -1.13302
13.15) -1.14161
13.16) -1.15017
13.17) -1.15869
13.18) -1.16717
13.19) -1.17561
13.21) -1.184
13.21) -1.19235
13.22) -1.20065
13.23) -1.20889
13.24) -1.21708
13.25) -1.22521
13.26) -1.23328
13.27) -1.24128
13.28) -1.24922
13.29) -1.25709
13.3) -1.26488
13.31) -1.2726
13.32) -1.28024
13.33) -1.2878
13.34) -1.29527
13.35) -1.30265
13.36) -1.30994
13.37) -1.31714
13.38) -1.32424
13.39) -1.33124
13.4) -1.33814
13.41) -1.34493
13.42) -1.35162
13.43) -1.35819
13.44) -1.36465
13.45) -1.37099
13.46) -1.37721
13.47) -1.38331
13.48) -1.38928
13.49) -1.39512
13.5) -1.40083
13.51) -1.40641
13.52) -1.41185
13.53) -1.41715
13.54) -1.4223
13.55) -1.42731
13.56) -1.43217
13.57) -1.43688
13.58) -1.44144
13.59) -1.44584
13.6) -1.45008
13.61) -1.45416
13.62) -1.45808
13.63) -1.46184
13.64) -1.46543
13.65) -1.46885
13.66) -1.4721
13.67) -1.47518
13.68) -1.47809
13.69) -1.48082
13.71) -1.48338
13.71) -1.48576
13.72) -1.48796
13.73) -1.48998
13.74) -1.49182
13.75) -1.49347
13.76) -1.49494
13.77) -1.49623
13.78) -1.49733
13.79) -1.49824
13.8) -1.49897
13.81) -1.49951
13.82) -1.49986
13.83) -1.50003
13.84) -1.50001
13.85) -1.4998
13.86) -1.4994
13.87) -1.49882
13.88) -1.49805
13.89) -1.49709
13.9) -1.49595
13.91) -1.49462
13.92) -1.49311
13.93) -1.49142
13.94) -1.48954
13.95) -1.48748
13.96) -1.48524
13.97) -1.48282
13.98) -1.48022
13.99) -1.47745
14.0) -1.4745
14.01) -1.47138
14.02) -1.46809
14.03) -1.46463
14.04) -1.461
14.05) -1.45721
14.06) -1.45325
14.07) -1.44913
14.08) -1.44485
14.09) -1.44041
14.1) -1.43582
14.11) -1.43108
14.12) -1.42619
14.13) -1.42115
14.14) -1.41596
14.15) -1.41063
14.16) -1.40516
14.17) -1.39955
14.18) -1.39381
14.19) -1.38794
14.21) -1.38194
14.21) -1.37581
14.22) -1.36956
14.23) -1.36319
14.24) -1.3567
14.25) -1.3501
14.26) -1.34339
14.27) -1.33657
14.28) -1.32965
14.29) -1.32262
14.3) -1.3155
14.31) -1.30828
14.32) -1.30097
14.33) -1.29357
14.34) -1.28608
14.35) -1.2785
14.36) -1.27084
14.37) -1.26311
14.38) -1.2553
14.39) -1.24742
14.4) -1.23947
14.41) -1.23145
14.42) -1.22337
14.43) -1.21523
14.44) -1.20703
14.45) -1.19878
14.46) -1.19047
14.47) -1.18211
14.48) -1.17371
14.49) -1.16526
14.5) -1.15677
14.51) -1.14824
14.52) -1.13967
14.53) -1.13107
14.54) -1.12244
14.55) -1.11378
14.56) -1.10509
14.57) -1.09638
14.58) -1.08765
14.59) -1.0789
14.6) -1.07013
14.61) -1.06134
14.62) -1.05254
14.63) -1.04373
14.64) -1.03491
14.65) -1.02608
14.66) -1.01725
14.67) -1.00841
14.68) -0.99957
14.69) -0.99073
14.71) -0.98189
14.71) -0.97306
14.72) -0.96423
14.73) -0.95541
14.74) -0.9466
14.75) -0.9378
14.76) -0.92901
14.77) -0.92023
14.78) -0.91146
14.79) -0.90271
14.8) -0.89398
14.81) -0.88526
14.82) -0.87656
14.83) -0.86788
14.84) -0.85923
14.85) -0.8506
14.86) -0.84199
14.87) -0.83341
14.88) -0.82485
14.89) -0.81632
14.9) -0.80782
14.91) -0.79934
14.92) -0.79089
14.93) -0.78247
14.94) -0.77408
14.95) -0.76572
14.96) -0.75739
14.97) -0.7491
14.98) -0.74084
14.99) -0.73261
15.0) -0.72442
15.01) -0.71626
15.02) -0.70814
15.03) -0.70005
15.04) -0.692
15.05) -0.68398
15.06) -0.676
15.07) -0.66806
15.08) -0.66015
15.09) -0.65228
15.1) -0.64445
15.11) -0.63666
15.12) -0.6289
15.13) -0.62118
15.14) -0.6135
15.15) -0.60586
15.16) -0.59826
15.17) -0.5907
15.18) -0.58317
15.19) -0.57568
15.21) -0.56823
15.21) -0.56082
15.22) -0.55345
15.23) -0.54612
15.24) -0.53882
15.25) -0.53156
15.26) -0.52434
15.27) -0.51716
15.28) -0.51002
15.29) -0.50291
15.3) -0.49584
15.31) -0.48881
15.32) -0.48182
15.33) -0.47486
15.34) -0.46794
15.35) -0.46106
15.36) -0.45421
15.37) -0.4474
15.38) -0.44063
15.39) -0.43389
15.4) -0.42719
15.41) -0.42052
15.42) -0.41389
15.43) -0.40729
15.44) -0.40072
15.45) -0.39419
15.46) -0.38769
15.47) -0.38122
15.48) -0.37479
15.49) -0.36839
15.5) -0.36202
15.51) -0.35568
15.52) -0.34937
15.53) -0.34309
15.54) -0.33684
15.55) -0.33062
15.56) -0.32443
15.57) -0.31827
15.58) -0.31214
15.59) -0.30604
15.6) -0.29997
15.61) -0.29392
15.62) -0.2879
15.63) -0.28191
15.64) -0.27594
15.65) -0.27
15.66) -0.26408
15.67) -0.25819
15.68) -0.25232
15.69) -0.24648
15.71) -0.24066
15.71) -0.23486
15.72) -0.22908
15.73) -0.22333
15.74) -0.2176
15.75) -0.21189
15.76) -0.2062
15.77) -0.20053
15.78) -0.19488
15.79) -0.18925
15.8) -0.18363
15.81) -0.17803
15.82) -0.17245
15.83) -0.16689
15.84) -0.16134
15.85) -0.15581
15.86) -0.15029
15.87) -0.14479
15.88) -0.1393
15.89) -0.13383
15.9) -0.12837
15.91) -0.12292
15.92) -0.11748
15.93) -0.11206
15.94) -0.10665
15.95) -0.10125
15.96) -0.09586
15.97) -0.09048
15.98) -0.08511
15.99) -0.07974
16.0) -0.07438
16.01) -0.06903
16.02) -0.06369
16.03) -0.05835
16.04) -0.05302
16.05) -0.04769
16.06) -0.04237
16.07) -0.03705
16.08) -0.03174
16.09) -0.02643
16.1) -0.02112
16.11) -0.01581
16.12) -0.01051
16.13) -0.00521
16.14) 9.0E-5
16.15) 0.00539
16.16) 0.01069
16.17) 0.01599
16.18) 0.0213
16.19) 0.02661
16.2) 0.03192
16.21) 0.03723
16.22) 0.04255
16.23) 0.04787
16.24) 0.0532
16.25) 0.05853
16.26) 0.06387
16.27) 0.06921
16.28) 0.07456
16.29) 0.07992
16.3) 0.08529
16.31) 0.09066
16.32) 0.09604
16.33) 0.10143
16.34) 0.10683
16.35) 0.11224
16.36) 0.11767
16.37) 0.12311
16.38) 0.12856
16.39) 0.13402
16.4) 0.13949
16.41) 0.14498
16.42) 0.15048
16.43) 0.156
16.44) 0.16153
16.45) 0.16708
16.46) 0.17264
16.47) 0.17822
16.48) 0.18382
16.49) 0.18944
16.5) 0.19507
16.51) 0.20072
16.52) 0.20639
16.53) 0.21208
16.54) 0.21779
16.55) 0.22352
16.56) 0.22927
16.57) 0.23505
16.58) 0.24085
16.59) 0.24667
16.6) 0.25251
16.61) 0.25838
16.62) 0.26427
16.63) 0.27019
16.64) 0.27613
16.65) 0.2821
16.66) 0.28809
16.67) 0.29411
16.68) 0.30016
16.69) 0.30623
16.7) 0.31233
16.71) 0.31846
16.72) 0.32462
16.73) 0.33081
16.74) 0.33703
16.75) 0.34328
16.76) 0.34956
16.77) 0.35587
16.78) 0.36221
16.79) 0.36858
16.8) 0.37498
16.81) 0.38141
16.82) 0.38788
16.83) 0.39438
16.84) 0.40091
16.85) 0.40748
16.86) 0.41408
16.87) 0.42072
16.88) 0.42739
16.89) 0.43409
16.9) 0.44083
16.91) 0.44761
16.92) 0.45442
16.93) 0.46127
16.94) 0.46815
16.95) 0.47507
16.96) 0.48203
16.97) 0.48902
16.98) 0.49605
16.99) 0.50312
17.0) 0.51023
17.01) 0.51737
17.02) 0.52455
17.03) 0.53177
17.04) 0.53903
17.05) 0.54633
17.06) 0.55366
17.07) 0.56103
17.08) 0.56844
17.09) 0.57589
17.1) 0.58338
17.11) 0.59091
17.12) 0.59848
17.13) 0.60608
17.14) 0.61372
17.15) 0.6214
17.16) 0.62912
17.17) 0.63688
17.18) 0.64467
17.19) 0.6525
17.2) 0.66037
17.21) 0.66828
17.22) 0.67622
17.23) 0.6842
17.24) 0.69222
17.25) 0.70027
17.26) 0.70836
17.27) 0.71648
17.28) 0.72464
17.29) 0.73283
17.3) 0.74106
17.31) 0.74932
17.32) 0.75761
17.33) 0.76594
17.34) 0.7743
17.35) 0.78269
17.36) 0.79111
17.37) 0.79956
17.38) 0.80804
17.39) 0.81655
17.42) 0.82508
17.41) 0.83364
17.42) 0.84222
17.43) 0.85083
17.44) 0.85946
17.45) 0.86811
17.46) 0.87679
17.47) 0.88549
17.48) 0.89421
17.49) 0.90294
17.5) 0.91169
17.51) 0.92046
17.52) 0.92924
17.53) 0.93803
17.54) 0.94683
17.55) 0.95564
17.56) 0.96446
17.57) 0.97329
17.58) 0.98212
17.59) 0.99096
17.6) 0.9998
17.61) 1.00864
17.62) 1.01748
17.63) 1.02631
17.64) 1.03514
17.65) 1.04396
17.66) 1.05277
17.67) 1.06157
17.68) 1.07036
17.69) 1.07913
17.7) 1.08788
17.71) 1.09661
17.72) 1.10532
17.73) 1.11401
17.74) 1.12267
17.75) 1.1313
17.76) 1.1399
17.77) 1.14846
17.78) 1.15699
17.79) 1.16548
17.8) 1.17393
17.81) 1.18233
17.82) 1.19068
17.83) 1.19898
17.84) 1.20723
17.85) 1.21543
17.86) 1.22357
17.87) 1.23165
17.88) 1.23966
17.89) 1.24761
17.92) 1.25549
17.91) 1.2633
17.92) 1.27103
17.93) 1.27868
17.94) 1.28625
17.95) 1.29374
17.96) 1.30114
17.97) 1.30845
17.98) 1.31567
17.99) 1.32279
18.0) 1.32981
18.01) 1.33673
18.02) 1.34354
18.03) 1.35025
18.04) 1.35684
18.05) 1.36332
18.06) 1.36968
18.07) 1.37592
18.08) 1.38204
18.09) 1.38804
18.1) 1.39391
18.11) 1.39965
18.12) 1.40525
18.13) 1.41071
18.14) 1.41603
18.15) 1.42121
18.16) 1.42625
18.17) 1.43114
18.18) 1.43588
18.19) 1.44047
18.2) 1.4449
18.21) 1.44918
18.22) 1.4533
18.23) 1.45725
18.24) 1.46104
18.25) 1.46466
18.26) 1.46812
18.27) 1.47141
18.28) 1.47453
18.29) 1.47747
18.3) 1.48024
18.31) 1.48283
18.32) 1.48524
18.33) 1.48747
18.34) 1.48952
18.35) 1.49139
18.36) 1.49308
18.37) 1.49459
18.38) 1.49591
18.39) 1.49705
18.42) 1.498
18.41) 1.49876
18.42) 1.49934
18.43) 1.49973
18.44) 1.49993
18.45) 1.49995
18.46) 1.49978
18.47) 1.49942
18.48) 1.49887
18.49) 1.49814
18.5) 1.49722
18.51) 1.49611
18.52) 1.49482
18.53) 1.49334
18.54) 1.49168
18.55) 1.48984
18.56) 1.48782
18.57) 1.48562
18.58) 1.48324
18.59) 1.48068
18.6) 1.47794
18.61) 1.47503
18.62) 1.47194
18.63) 1.46868
18.64) 1.46525
18.65) 1.46165
18.66) 1.45789
18.67) 1.45396
18.68) 1.44987
18.69) 1.44562
18.7) 1.44121
18.71) 1.43665
18.72) 1.43194
18.73) 1.42708
18.74) 1.42207
18.75) 1.41691
18.76) 1.41161
18.77) 1.40617
18.78) 1.40059
18.79) 1.39488
18.8) 1.38904
18.81) 1.38307
18.82) 1.37697
18.83) 1.37075
18.84) 1.36441
18.85) 1.35795
18.86) 1.35137
18.87) 1.34468
18.88) 1.33788
18.89) 1.33098
18.92) 1.32398
18.91) 1.31688
18.92) 1.30968
18.93) 1.30239
18.94) 1.29501
18.95) 1.28754
18.96) 1.27998
18.97) 1.27234
18.98) 1.26462
18.99) 1.25683
19.0) 1.24896
19.01) 1.24102
19.02) 1.23302
19.03) 1.22495
19.04) 1.21682
19.05) 1.20863
19.06) 1.20039
19.07) 1.19209
19.08) 1.18374
19.09) 1.17535
19.1) 1.16691
19.11) 1.15843
19.12) 1.14991
19.13) 1.14135
19.14) 1.13276
19.15) 1.12414
19.16) 1.11549
19.17) 1.10681
19.18) 1.0981
19.19) 1.08937
19.2) 1.08062
19.21) 1.07185
19.22) 1.06307
19.23) 1.05427
19.24) 1.04546
19.25) 1.03664
19.26) 1.02781
19.27) 1.01898
19.28) 1.01014
19.29) 1.0013
19.3) 0.99246
19.31) 0.98362
19.32) 0.97479
19.33) 0.96596
19.34) 0.95714
19.35) 0.94833
19.36) 0.93953
19.37) 0.93074
19.38) 0.92196
19.39) 0.91319
19.42) 0.90444
19.41) 0.8957
19.42) 0.88698
19.43) 0.87828
19.44) 0.8696
19.45) 0.86094
19.46) 0.8523
19.47) 0.84369
19.48) 0.8351
19.49) 0.82654
19.5) 0.818
19.51) 0.80949
19.52) 0.80101
19.53) 0.79256
19.54) 0.78414
19.55) 0.77575
19.56) 0.76739
19.57) 0.75906
19.58) 0.75076
19.59) 0.74249
19.6) 0.73426
19.61) 0.72606
19.62) 0.7179
19.63) 0.70977
19.64) 0.70168
19.65) 0.69362
19.66) 0.6856
19.67) 0.67761
19.68) 0.66966
19.69) 0.66175
19.7) 0.65387
19.71) 0.64603
19.72) 0.63823
19.73) 0.63047
19.74) 0.62275
19.75) 0.61506
19.76) 0.60741
19.77) 0.5998
19.78) 0.59223
19.79) 0.5847
19.8) 0.57721
19.81) 0.56975
19.82) 0.56233
19.83) 0.55495
19.84) 0.54761
19.85) 0.54031
19.86) 0.53305
19.87) 0.52582
19.88) 0.51863
19.89) 0.51148
19.92) 0.50437
19.91) 0.4973
19.92) 0.49026
19.93) 0.48326
19.94) 0.4763
19.95) 0.46937
19.96) 0.46248
19.97) 0.45563
19.98) 0.44881
19.99) 0.44203
20.0) 0.43528
