0.0) 1.5
0.1) 1.49159
0.2) 1.46489
0.3) 1.42129
0.4) 1.36296
0.5) 1.29269
0.6) 1.21343
0.7) 1.12813
0.8) 1.03947
0.9) 0.94973
1.0) 0.86074
1.1) 0.77383
1.2) 0.68991
1.3) 0.60955
1.4) 0.533
1.5) 0.46026
1.6) 0.39116
1.7) 0.32539
1.8) 0.26257
1.9) 0.20225
2.0) 0.14392
2.1) 0.08704
2.2) 0.03109
2.3) -0.02452
2.4) -0.08029
2.5) -0.13681
2.6) -0.19462
2.7) -0.25424
2.8) -0.3162
2.9) -0.38095
3.0) -0.44892
3.1) -0.52043
3.2) -0.5957
3.3) -0.67481
3.4) -0.75759
3.5) -0.84363
3.6) -0.93219
3.7) -1.02204
3.8) -1.11161
3.9) -1.19876
4.0) -1.28091
4.1) -1.35514
4.2) -1.41837
4.3) -1.46756
4.4) -1.50009
4.5) -1.5141
4.6) -1.50867
4.7) -1.48399
4.8) -1.44137
4.9) -1.38299
5.0) -1.3117
5.1) -1.23065
5.2) -1.14294
5.3) -1.05143
5.4) -0.95856
5.5) -0.86625
5.6) -0.77594
5.7) -0.68862
5.8) -0.60485
5.9) -0.5249
6.0) -0.44874
6.1) -0.37618
6.2) -0.3069
6.3) -0.24043
6.4) -0.17628
6.5) -0.11388
6.6) -0.05269
6.7) 0.00792
6.8) 0.06856
6.9) 0.12983
7.0) 0.19231
7.1) 0.25658
7.2) 0.3232
7.3) 0.39266
7.4) 0.46538
7.5) 0.54171
7.6) 0.62185
7.7) 0.70579
7.8) 0.7933
7.9) 0.8838
8.0) 0.97631
8.1) 1.06939
8.2) 1.16113
8.3) 1.24905
8.4) 1.33026
8.5) 1.40156
8.6) 1.45968
8.7) 1.50163
8.8) 1.52501
8.9) 1.52835
9.0) 1.51134
9.1) 1.47486
9.2) 1.42088
9.3) 1.35213
9.4) 1.27185
9.5) 1.18338
9.6) 1.08984
9.7) 0.99397
9.8) 0.89798
9.9) 0.80354
10.0) 0.71182
10.1) 0.62354
10.2) 0.53902
10.3) 0.45832
10.4) 0.38126
10.5) 0.30749
10.6) 0.23655
10.7) 0.16791
10.8) 0.10095
10.9) 0.03504
11.0) -0.03047
11.1) -0.09619
11.2) -0.16279
11.3) -0.23092
11.4) -0.30118
11.5) -0.37413
11.6) -0.45022
11.7) -0.52987
11.8) -0.6133
11.9) -0.70053
12.0) -0.79135
12.1) -0.88517
12.2) -0.981
12.3) -1.0773
12.4) -1.1721
12.5) -1.26275
12.6) -1.3462
12.7) -1.41906
12.8) -1.4779
12.9) -1.51957
13.0) -1.54161
13.1) -1.54263
13.2) -1.52242
13.3) -1.48206
13.4) -1.42376
13.5) -1.35055
13.6) -1.26585
13.7) -1.17318
13.8) -1.07575
13.9) -0.97632
14.0) -0.87712
14.1) -0.77976
14.2) -0.68534
14.3) -0.59448
14.4) -0.50743
14.5) -0.42415
14.6) -0.34438
14.7) -0.26768
14.8) -0.19352
14.9) -0.12128
15.0) -0.05031
15.1) 0.02009
15.2) 0.09062
15.3) 0.162
15.4) 0.23486
15.5) 0.30989
15.6) 0.38764
15.7) 0.46865
15.8) 0.55326
15.9) 0.6417
16.0) 0.7339
16.1) 0.82952
16.2) 0.92777
16.3) 1.02742
16.4) 1.12666
16.5) 1.22308
16.6) 1.31373
16.7) 1.39518
16.8) 1.46379
16.9) 1.51607
17.0) 1.549
17.1) 1.56049
17.2) 1.54974
17.3) 1.51724
17.4) 1.46482
17.5) 1.39533
17.6) 1.31227
17.7) 1.21936
17.8) 1.12015
17.9) 1.01774
18.0) 0.91469
18.1) 0.81292
18.2) 0.71379
18.3) 0.61805
18.4) 0.5261
18.5) 0.43794
18.6) 0.35336
18.7) 0.27189
18.8) 0.193
18.9) 0.11603
19.0) 0.04026
19.1) -0.03502
19.2) -0.11057
19.3) -0.18714
19.4) -0.26545
19.5) -0.34616
19.6) -0.42986
19.7) -0.51699
19.8) -0.60787
19.9) -0.70257
20.0) -0.80083
