0.0) 1.5
0.1) 1.5
0.2) 1.48125
0.34) 1.44375
0.4) 1.38856
0.5) 1.31772
0.6) 1.23399
0.7) 1.14056
0.8) 1.04068
0.9) 0.93736
1.0) 0.83318
1.1) 0.73014
1.2) 0.62965
1.3) 0.53256
1.4) 0.43927
1.5) 0.3498
1.6) 0.26387
1.7) 0.18101
1.8) 0.10061
1.9) 0.02196
2.0) -0.05569
2.1) -0.13312
2.2) -0.21111
2.3) -0.29041
2.4) -0.37172
2.5) -0.45569
2.6) -0.54287
2.7) -0.63366
2.8) -0.72828
2.9) -0.82669
3.0) -0.92852
3.1) -1.03297
3.2) -1.1387
3.3) -1.24373
3.4) -1.34539
3.5) -1.44024
3.6) -1.5242
3.7) -1.59268
3.8) -1.641
3.9) -1.66484
4.0) -1.6609
4.1) -1.62747
4.2) -1.56483
4.3) -1.47536
4.4) -1.36322
4.5) -1.23372
4.6) -1.09252
4.7) -0.94487
4.8) -0.79511
4.9) -0.64636
5.0) -0.50054
5.1) -0.35848
5.2) -0.22017
5.3) -0.08498
5.4) 0.04811
5.5) 0.18036
5.6) 0.31309
5.7) 0.44756
5.8) 0.58486
5.9) 0.72573
6.0) 0.87045
6.1) 1.01861
6.2) 1.16888
6.3) 1.31876
6.4) 1.46436
6.5) 1.60022
6.6) 1.71932
6.7) 1.81344
6.8) 1.87393
6.9) 1.89292
7.0) 1.86484
7.1) 1.78787
7.2) 1.66469
7.3) 1.50224
7.4) 1.31031
7.5) 1.0995
7.6) 0.8793
7.7) 0.6568
7.8) 0.43629
7.9) 0.21952
8.0) 0.00628
8.1) -0.20487
8.2) -0.41596
8.3) -0.62901
8.4) -0.8455
8.5) -1.06579
8.6) -1.28849
8.7) -1.50974
8.8) -1.72249
8.9) -1.91592
9.0) -2.07547
9.1) -2.18385
9.2) -2.22359
9.3) -2.18101
9.4) -2.05073
9.5) -1.83851
9.6) -1.56055
9.7) -1.23884
9.8) -0.89473
9.9) -0.54399
10.0) -0.19504
10.1) 0.15008
10.2) 0.49333
10.3) 0.83804
10.4) 1.18649
10.5) 1.53743
10.6) 1.88353
10.7) 2.20867
10.8) 2.48582
10.9) 2.67732
11.0) 2.74007
11.1) 2.63768
11.2) 2.35697
11.3) 1.91912
11.4) 1.3739
11.5) 0.77719
11.6) 0.16829
11.7) -0.43754
11.8) -1.04173
11.9) -1.64946
12.0) -2.2563
12.1) -2.83476
12.2) -3.32091
12.3) -3.60761
12.4) -3.56128
12.5) -3.0815
12.6) -2.18567
12.7) -1.02804
12.8) 0.21214
12.9) 1.45291
13.0) 2.69571
13.1) 3.92236
13.2) 4.98008
13.3) 5.47357
13.4) 4.78174
13.5) 2.50477
13.6) -0.81773
13.7) -4.27233
13.8) -7.72964
13.9) -10.44985
14.0) -8.6291
14.1) 4.49832
14.2) 23.96479
14.3) 42.56601
14.4) -76.22558
14.5) -965.83024
14.6) 2572.76749
14.7) 9015637.12515
14.8) -1.5226616335148E8
14.9) -9.223524303018129E12
15.0) -1.5226616335156E8
15.1) 9.223219770691426E12
15.2) 1.8446591807546203E13
15.3) 9.223219770691426E12
15.4) -1.5226616335156E8
15.5) -9.223524303018129E12
15.6) -1.5226616335156E8
15.7) 9.223219770691426E12
15.8) 1.8446591807546203E13
15.9) 9.223219770691426E12
16.0) -1.5226616335156E8
16.1) -9.223524303018129E12
16.2) -1.5226616335156E8
16.3) 9.223219770691426E12
16.4) 1.8446591807546203E13
16.5) 9.223219770691426E12
16.6) -1.5226616335156E8
16.7) -9.223524303018129E12
16.8) -1.5226616335156E8
16.9) 9.223219770691426E12
17.0) 1.8446591807546203E13
17.1) 9.223219770691426E12
17.2) -1.5226616335156E8
17.3) -9.223524303018129E12
17.4) -1.5226616335156E8
17.5) 9.223219770691426E12
17.6) 1.8446591807546203E13
17.7) 9.223219770691426E12
17.8) -1.5226616335156E8
17.9) -9.223524303018129E12
18.0) -1.5226616335156E8
18.1) 9.223219770691426E12
18.2) 1.8446591807546203E13
18.3) 9.223219770691426E12
18.4) -1.5226616335156E8
18.5) -9.223524303018129E12
18.6) -1.5226616335156E8
18.7) 9.223219770691426E12
18.8) 1.8446591807546203E13
18.9) 9.223219770691426E12
19.0) -1.5226616335156E8
19.1) -9.223524303018129E12
19.2) -1.5226616335156E8
19.3) 9.223219770691426E12
19.4) 1.8446591807546203E13
19.5) 9.223219770691426E12
19.6) -1.5226616335156E8
19.7) -9.223524303018129E12
19.8) -1.5226616335156E8
19.9) 9.223219770691426E12
20.0) 1.8446591807546203E13
