0.0) 0.5
0.1) 0.5017
0.2) 0.50715
0.3) 0.51636
0.4) 0.52935
0.5) 0.54615
0.6) 0.56679
0.7) 0.59126
0.8) 0.61958
0.9) 0.65172
1.0) 0.68762
1.1) 0.72715
1.2) 0.77012
1.3) 0.81626
1.4) 0.86515
1.5) 0.91625
1.6) 0.96888
1.7) 1.02221
1.8) 1.07518
1.9) 1.12658
2.0) 1.17507
2.1) 1.21926
2.2) 1.25765
2.3) 1.28888
2.4) 1.31171
2.5) 1.3252
2.6) 1.32875
2.7) 1.32216
2.8) 1.30566
2.9) 1.27989
3.0) 1.24586
3.1) 1.20483
3.2) 1.15823
3.3) 1.10751
3.4) 1.05414
3.5) 0.99946
3.6) 0.94467
3.7) 0.89077
3.8) 0.83861
3.9) 0.78888
4.0) 0.74207
4.1) 0.69858
4.2) 0.65863
4.3) 0.62239
4.4) 0.58994
4.5) 0.56134
4.6) 0.53659
4.7) 0.51566
4.8) 0.49851
4.9) 0.48511
5.0) 0.47543
5.1) 0.46944
5.2) 0.46709
5.3) 0.46841
5.4) 0.47339
5.5) 0.48204
5.6) 0.49438
5.7) 0.51046
5.8) 0.5303
5.9) 0.55395
6.0) 0.58143
6.1) 0.61277
6.2) 0.64793
6.3) 0.68685
6.4) 0.72941
6.5) 0.7754
6.6) 0.82452
6.7) 0.8763
6.8) 0.93019
6.9) 0.98539
7.0) 1.04096
7.1) 1.09579
7.2) 1.14854
7.3) 1.19777
7.4) 1.24193
7.5) 1.27951
7.6) 1.30909
7.7) 1.32949
7.8) 1.33977
7.9) 1.33947
8.0) 1.32854
8.1) 1.3074
8.2) 1.27692
8.3) 1.23828
8.4) 1.1929
8.5) 1.14231
8.6) 1.0881
8.7) 1.0317
8.8) 0.97451
8.9) 0.91768
9.0) 0.86222
9.1) 0.80887
9.2) 0.75823
9.3) 0.71079
9.4) 0.66683
9.5) 0.62655
9.6) 0.59007
9.7) 0.55742
9.8) 0.52862
9.9) 0.50363
10.0) 0.4824
10.1) 0.46488
10.2) 0.45101
10.3) 0.44073
10.4) 0.43402
10.5) 0.43082
10.6) 0.43112
10.7) 0.43496
10.8) 0.44231
10.9) 0.45322
11.0) 0.46772
11.1) 0.48587
11.2) 0.50773
11.3) 0.53336
11.4) 0.5628
11.5) 0.59607
11.6) 0.63319
11.7) 0.67411
11.8) 0.71871
11.9) 0.76681
12.0) 0.81806
12.1) 0.87208
12.2) 0.92824
12.3) 0.98577
12.4) 1.04367
12.5) 1.10075
12.6) 1.15564
12.7) 1.20678
12.8) 1.25259
12.9) 1.29144
13.0) 1.32184
13.1) 1.34248
13.2) 1.35247
13.3) 1.35132
13.4) 1.33901
13.5) 1.31607
13.6) 1.28339
13.7) 1.24227
13.8) 1.19426
13.9) 1.14097
14.0) 1.08409
14.1) 1.02514
14.2) 0.96553
14.3) 0.90644
14.4) 0.84886
14.5) 0.79358
14.6) 0.74117
14.7) 0.69208
14.8) 0.64654
14.9) 0.60475
15.0) 0.56679
15.1) 0.53267
15.2) 0.50238
15.3) 0.47585
15.4) 0.453
15.5) 0.43377
15.6) 0.41807
15.7) 0.40581
15.8) 0.39696
15.9) 0.39146
16.0) 0.38927
16.1) 0.39038
16.2) 0.39481
16.3) 0.40257
16.4) 0.4137
16.5) 0.42825
16.6) 0.4463
16.7) 0.4679
16.8) 0.49315
16.9) 0.52213
17.0) 0.55489
17.1) 0.59149
17.2) 0.63194
17.3) 0.67618
17.4) 0.7241
17.5) 0.77548
17.6) 0.82999
17.7) 0.8871
17.8) 0.94617
17.9) 1.00631
18.0) 1.06644
18.1) 1.12522
18.2) 1.18115
18.3) 1.23258
18.4) 1.27779
18.5) 1.31508
18.6) 1.34295
18.7) 1.36017
18.8) 1.36593
18.9) 1.35991
19.0) 1.34233
19.1) 1.31392
19.2) 1.27585
19.3) 1.22962
19.4) 1.17693
19.5) 1.11952
19.6) 1.0591
19.7) 0.99722
19.8) 0.93528
19.9) 0.87438
20.0) 0.81545
