0.0) 0.5
0.1) 0.5
0.2) 0.50375
0.3) 0.51125
0.4) 0.52251
0.5) 0.53755
0.6) 0.55638
0.7) 0.57904
0.8) 0.60554
0.9) 0.63589
1.0) 0.67007
1.1) 0.70804
1.2) 0.7497
1.3) 0.79489
1.4) 0.84337
1.5) 0.89477
1.6) 0.94861
1.7) 1.00423
1.8) 1.0608
1.9) 1.11728
2.0) 1.17244
2.1) 1.22482
2.2) 1.27281
2.3) 1.31467
2.4) 1.34864
2.5) 1.37304
2.6) 1.38639
2.7) 1.38759
2.8) 1.37601
2.9) 1.35158
3.0) 1.31486
3.1) 1.26697
3.2) 1.20949
3.3) 1.14435
3.4) 1.07361
3.5) 0.99933
3.6) 0.92341
3.7) 0.8475
3.8) 0.77295
3.9) 0.70079
4.0) 0.63174
4.1) 0.56625
4.2) 0.50456
4.3) 0.44672
4.4) 0.39264
4.5) 0.34214
4.6) 0.29496
4.7) 0.2508
4.8) 0.20933
4.9) 0.17021
5.0) 0.13309
5.1) 0.09763
5.2) 0.06347
5.3) 0.03028
5.4) -0.00228
5.5) -0.03454
5.6) -0.06682
5.7) -0.09944
5.8) -0.13273
5.9) -0.167
6.0) -0.20258
6.1) -0.23978
6.2) -0.27892
6.3) -0.32032
6.4) -0.3643
6.5) -0.41115
6.6) -0.46116
6.7) -0.51459
6.8) -0.57165
6.9) -0.63249
7.0) -0.69718
7.1) -0.76566
7.2) -0.83773
7.3) -0.91296
7.4) -0.99069
7.5) -1.06994
7.6) -1.14938
7.7) -1.22727
7.8) -1.30147
7.9) -1.36946
8.0) -1.42842
8.1) -1.47539
8.2) -1.5075
8.3) -1.52224
8.4) -1.5178
8.5) -1.49331
8.6) -1.44903
8.7) -1.38638
8.8) -1.3078
8.9) -1.21644
9.0) -1.11579
9.1) -1.0093
9.2) -0.90008
9.3) -0.79067
9.4) -0.68297
9.5) -0.57823
9.6) -0.47713
9.7) -0.37988
9.8) -0.28632
9.9) -0.19601
10.0) -0.10833
10.1) -0.02253
10.2) 0.0622
10.3) 0.1467
10.4) 0.23182
10.5) 0.31838
10.6) 0.40713
10.7) 0.49874
10.8) 0.59375
10.9) 0.69251
11.0) 0.79511
11.1) 0.90131
11.2) 1.01044
11.3) 1.12126
11.4) 1.23187
11.5) 1.33959
11.6) 1.44094
11.7) 1.53164
11.8) 1.60683
11.9) 1.66141
12.0) 1.69057
12.1) 1.69049
12.2) 1.659
12.3) 1.5961
12.4) 1.50413
12.5) 1.38746
12.6) 1.2518
12.7) 1.10331
12.8) 0.94772
12.9) 0.78973
13.0) 0.63271
13.1) 0.47866
13.2) 0.3284
13.3) 0.18183
13.4) 0.03819
13.5) -0.10369
13.6) -0.24519
13.7) -0.38771
13.8) -0.53254
13.9) -0.68066
14.0) -0.8326
14.1) -0.98819
14.2) -1.14633
14.3) -1.30471
14.4) -1.45949
14.5) -1.6051
14.6) -1.73422
14.7) -1.83804
14.8) -1.90704
14.9) -1.93233
15.0) -1.90733
15.1) -1.8295
15.2) -1.70136
15.3) -1.53028
15.4) -1.32696
15.5) -1.10311
15.6) -0.86917
15.7) -0.63283
15.8) -0.39862
15.9) -0.1682
16.0) 0.05886
16.1) 0.28429
16.2) 0.51031
16.3) 0.73894
16.4) 0.97134
16.5) 1.2071
16.6) 1.44341
16.7) 1.6742
16.8) 1.88935
16.9) 2.07432
17.0) 2.21074
17.1) 2.27865
17.2) 2.26062
17.3) 2.14706
17.4) 1.94058
17.5) 1.65659
17.6) 1.31893
17.7) 0.95237
17.8) 0.57606
17.9) 0.20063
18.0) -0.17095
18.1) -0.5406
18.2) -0.91191
18.3) -1.28705
18.4) -1.66372
18.5) -2.03194
18.6) -2.37075
18.7) -2.64598
18.8) -2.81168
18.9) -2.81858
19.0) -2.63132
19.1) -2.24833
19.2) -1.70947
19.3) -1.07944
19.4) -0.41654
19.5) 0.24814
19.6) 0.90938
19.7) 1.57295
19.8) 2.23809
19.9) 2.88004
20.0) 3.43226
