0.0) 0.5
0.1) 0.50187
0.2) 0.50749
0.3) 0.51688
0.4) 0.53006
0.5) 0.54705
0.6) 0.56787
0.7) 0.59254
0.8) 0.62105
0.9) 0.65338
1.0) 0.68945
1.1) 0.72914
1.2) 0.77224
1.3) 0.81846
1.4) 0.86738
1.5) 0.91845
1.6) 0.97096
1.7) 1.02403
1.8) 1.0766
1.9) 1.12746
2.0) 1.17526
2.1) 1.21858
2.2) 1.25599
2.3) 1.28615
2.4) 1.3079
2.5) 1.32036
2.6) 1.32301
2.7) 1.31573
2.8) 1.29883
2.9) 1.27301
3.0) 1.23929
3.1) 1.19893
3.2) 1.15333
3.3) 1.10392
3.4) 1.0521
3.5) 0.99916
3.6) 0.94624
3.7) 0.89431
3.8) 0.84417
3.9) 0.79646
4.0) 0.75166
4.1) 0.71013
4.2) 0.67212
4.3) 0.63779
4.4) 0.60724
4.5) 0.58052
4.6) 0.55765
4.7) 0.53862
4.8) 0.52341
4.9) 0.512
5.0) 0.50437
5.1) 0.5005
5.2) 0.50038
5.3) 0.50401
5.4) 0.5114
5.5) 0.52257
5.6) 0.53754
5.7) 0.55633
5.8) 0.57896
5.9) 0.60544
6.0) 0.63576
6.1) 0.66987
6.2) 0.70767
6.3) 0.749
6.4) 0.79362
6.5) 0.84118
6.6) 0.8912
6.7) 0.94305
6.8) 0.99594
6.9) 1.04891
7.0) 1.10083
7.1) 1.15042
7.2) 1.19629
7.3) 1.237
7.4) 1.27115
7.5) 1.29747
7.6) 1.31492
7.7) 1.32278
7.8) 1.32072
7.9) 1.30883
8.0) 1.28761
8.1) 1.25792
8.2) 1.2209
8.3) 1.17789
8.4) 1.13032
8.5) 1.07961
8.6) 1.02711
8.7) 0.97405
8.8) 0.92149
8.9) 0.87032
9.0) 0.82126
9.1) 0.77487
9.2) 0.73158
9.3) 0.69169
9.4) 0.65541
9.5) 0.62287
9.6) 0.59414
9.7) 0.56925
9.8) 0.54821
9.9) 0.531
10.0) 0.5176
10.1) 0.50799
10.2) 0.50215
10.3) 0.50007
10.4) 0.50174
10.5) 0.50716
10.6) 0.51635
10.7) 0.52933
10.8) 0.54612
10.9) 0.56674
11.0) 0.59121
11.1) 0.61953
11.2) 0.65167
11.3) 0.68756
11.4) 0.72708
11.5) 0.77003
11.6) 0.81611
11.7) 0.86492
11.8) 0.91591
11.9) 0.96838
12.0) 1.02145
12.1) 1.07408
12.2) 1.12506
12.3) 1.17305
12.4) 1.21663
12.5) 1.25437
12.6) 1.28492
12.7) 1.3071
12.8) 1.32002
12.9) 1.32314
13.0) 1.31633
13.1) 1.29987
13.2) 1.27445
13.3) 1.24107
13.4) 1.20099
13.5) 1.1556
13.6) 1.10633
13.7) 1.05458
13.8) 1.00165
13.9) 0.94869
14.0) 0.89668
14.1) 0.84643
14.2) 0.79858
14.3) 0.75362
14.4) 0.71192
14.5) 0.67373
14.6) 0.63922
14.7) 0.60849
14.8) 0.58159
14.9) 0.55854
15.0) 0.53933
15.1) 0.52394
15.2) 0.51235
15.3) 0.50454
15.4) 0.50049
15.5) 0.50019
15.6) 0.50364
15.7) 0.51085
15.8) 0.52184
15.9) 0.53663
16.0) 0.55524
16.1) 0.57769
16.2) 0.60399
16.3) 0.63413
16.4) 0.66806
16.5) 0.70569
16.6) 0.74686
16.7) 0.79133
16.8) 0.83876
16.9) 0.88868
17.0) 0.94047
17.1) 0.99335
17.2) 1.04636
17.3) 1.09838
17.4) 1.14813
17.5) 1.19423
17.6) 1.23524
17.7) 1.26975
17.8) 1.29649
17.9) 1.3144
18.0) 1.32275
18.1) 1.32118
18.2) 1.30976
18.3) 1.28897
18.4) 1.25965
18.5) 1.22294
18.6) 1.18017
18.7) 1.13276
18.8) 1.08214
18.9) 1.02967
19.0) 0.97658
19.1) 0.92394
19.2) 0.87265
19.3) 0.82344
19.4) 0.77688
19.5) 0.7334
19.6) 0.69331
19.7) 0.65682
19.8) 0.62406
19.9) 0.59511
20.0) 0.57
