0.0) 1.5
0.1) 1.49063
0.2) 1.46304
0.34) 1.41876
0.4) 1.36011
0.5) 1.2899
0.6) 1.21113
0.7) 1.12671
0.8) 1.03925
0.9) 0.95096
1.0) 0.86358
1.1) 0.7784
1.2) 0.69629
1.3) 0.61777
1.4) 0.54307
1.5) 0.4722
1.6) 0.405
1.7) 0.34119
1.8) 0.28039
1.9) 0.22217
2.0) 0.16606
2.1) 0.11156
2.2) 0.05816
2.3) 0.00534
2.4) -0.04743
2.5) -0.10067
2.6) -0.15491
2.7) -0.21066
2.8) -0.26842
2.9) -0.32867
3.0) -0.39185
3.1) -0.45835
3.2) -0.52847
3.3) -0.6024
3.4) -0.68017
3.5) -0.7616
3.6) -0.84623
3.7) -0.93326
3.8) -1.02149
3.9) -1.10928
4.0) -1.19451
4.1) -1.27464
4.2) -1.34681
4.3) -1.40802
4.4) -1.4554
4.5) -1.48651
4.6) -1.49964
4.7) -1.49404
4.8) -1.47003
4.9) -1.42895
5.0) -1.37298
5.1) -1.30486
5.2) -1.22757
5.3) -1.14406
5.4) -1.05702
5.5) -0.96874
5.6) -0.88106
5.7) -0.79535
5.8) -0.71256
5.9) -0.63328
6.0) -0.55779
6.1) -0.48614
6.2) -0.4182
6.3) -0.35371
6.4) -0.29231
6.5) -0.23358
6.6) -0.17706
6.7) -0.12226
6.8) -0.06866
6.9) -0.01574
7.0) 0.03702
7.1) 0.09015
7.2) 0.14417
7.3) 0.1996
7.4) 0.25695
7.5) 0.3167
7.6) 0.3793
7.7) 0.44515
7.8) 0.51457
7.9) 0.58777
8.0) 0.66482
8.1) 0.74558
8.2) 0.82965
8.3) 0.91631
8.4) 1.00444
8.5) 1.09248
8.6) 1.17841
8.7) 1.25976
8.8) 1.33372
8.9) 1.39729
9.0) 1.44755
9.1) 1.48195
9.2) 1.49862
9.3) 1.49662
9.4) 1.47606
9.5) 1.4381
9.6) 1.38478
9.7) 1.31875
9.8) 1.24297
9.9) 1.16042
10.0) 1.07385
10.1) 0.98564
10.2) 0.89771
10.3) 0.81152
10.4) 0.7281
10.5) 0.6481
10.6) 0.57186
10.7) 0.49947
10.8) 0.43083
10.9) 0.3657
11.0) 0.30374
11.1) 0.24454
11.2) 0.18764
11.3) 0.13255
11.4) 0.07876
11.5) 0.02575
11.6) -0.027
11.7) -0.08002
11.8) -0.13384
11.9) -0.18897
12.0) -0.24592
12.1) -0.30518
12.2) -0.36721
12.3) -0.43242
12.4) -0.50115
12.5) -0.57363
12.6) -0.64996
12.7) -0.73004
12.8) -0.81353
12.9) -0.89977
13.0) -0.98772
13.1) -1.07591
13.2) -1.1624
13.3) -1.24481
13.4) -1.32038
13.5) -1.38613
13.6) -1.43911
13.7) -1.47668
13.8) -1.49682
13.9) -1.49839
14.0) -1.4813
14.1) -1.44652
14.2) -1.39594
14.3) -1.33212
14.4) -1.25798
14.5) -1.17651
14.6) -1.09052
14.7) -1.00247
14.8) -0.91437
14.9) -0.82777
15.0) -0.74378
15.1) -0.66311
15.2) -0.58616
15.3) -0.51306
15.4) -0.44374
15.5) -0.37798
15.6) -0.31546
15.7) -0.25578
15.8) -0.19849
15.9) -0.14311
16.0) -0.08913
16.1) -0.03603
16.2) 0.01671
16.3) 0.06962
16.4) 0.12322
16.5) 0.17803
16.6) 0.23456
16.7) 0.29331
16.8) 0.35474
16.9) 0.41927
17.0) 0.48726
17.1) 0.55897
17.2) 0.63452
17.3) 0.71386
17.4) 0.7967
17.5) 0.88245
17.6) 0.97015
17.7) 1.05842
17.8) 1.14542
17.9) 1.22885
18.0) 1.30601
18.1) 1.37395
18.2) 1.42969
18.3) 1.4705
18.4) 1.49422
18.5) 1.49952
18.6) 1.4861
18.7) 1.45472
18.8) 1.4071
18.9) 1.34569
19.0) 1.27337
19.1) 1.19314
19.2) 1.10786
19.3) 1.02006
19.4) 0.93185
19.5) 0.84487
19.6) 0.76031
19.7) 0.67896
19.8) 0.60127
19.9) 0.52742
20.0) 0.45738
