0.0) 0.5
0.1) 0.502
0.2) 0.508
0.3) 0.518
0.4) 0.532
0.5) 0.55
0.6) 0.572
0.7) 0.598
0.8) 0.628
0.9) 0.662
1.0) 0.7
1.1) 0.74179
1.2) 0.78664
1.3) 0.83449
1.4) 0.88489
1.5) 0.93719
1.6) 0.99058
1.7) 1.04412
1.8) 1.09672
1.9) 1.14714
2.0) 1.19398
2.1) 1.23575
2.2) 1.27097
2.3) 1.29837
2.4) 1.31689
2.5) 1.32569
2.6) 1.32449
2.7) 1.31329
2.8) 1.29254
2.9) 1.26315
3.0) 1.22623
3.1) 1.18318
3.2) 1.1354
3.3) 1.08435
3.4) 1.03136
3.5) 0.97767
3.6) 0.92442
3.7) 0.87253
3.8) 0.82269
3.9) 0.77564
4.0) 0.73159
4.1) 0.69069
4.2) 0.65369
4.3) 0.62069
4.4) 0.59169
4.5) 0.56669
4.6) 0.54569
4.7) 0.52869
4.8) 0.51569
4.9) 0.50669
5.0) 0.50169
5.1) 0.50069
5.2) 0.50369
5.3) 0.51069
5.4) 0.52169
5.5) 0.53669
5.6) 0.55569
5.7) 0.57869
5.8) 0.60569
5.9) 0.63669
6.0) 0.67169
6.1) 0.71069
6.2) 0.75324
6.3) 0.79879
6.4) 0.84733
6.5) 0.89823
6.6) 0.95092
6.7) 1.00452
6.8) 1.05801
6.9) 1.1102
7.0) 1.15979
7.1) 1.20538
7.2) 1.24555
7.3) 1.27885
7.4) 1.30404
7.5) 1.32014
7.6) 1.32634
7.7) 1.32254
7.8) 1.30877
7.9) 1.28572
8.0) 1.25425
8.1) 1.2156
8.2) 1.17109
8.3) 1.12229
8.4) 1.07062
8.5) 1.01738
8.6) 0.96379
8.7) 0.91084
8.8) 0.85944
8.9) 0.81019
9.0) 0.76384
9.1) 0.72049
9.2) 0.6805
9.3) 0.6445
9.4) 0.6125
9.5) 0.5845
9.6) 0.5605
9.7) 0.5405
9.8) 0.5245
9.9) 0.5125
10.0) 0.5045
10.1) 0.5005
10.2) 0.5005
10.3) 0.5045
10.4) 0.5125
10.5) 0.5245
10.6) 0.5405
10.7) 0.5605
10.8) 0.5845
10.9) 0.6125
11.0) 0.6445
11.1) 0.6805
11.2) 0.72049
11.3) 0.76384
11.4) 0.81019
11.5) 0.85944
11.6) 0.91084
11.7) 0.96379
11.8) 1.01738
11.9) 1.07062
12.0) 1.12229
12.1) 1.17109
12.2) 1.2156
12.3) 1.25425
12.4) 1.28572
12.5) 1.30877
12.6) 1.32254
12.7) 1.32634
12.8) 1.32014
12.9) 1.30404
13.0) 1.27885
13.1) 1.24555
13.2) 1.20538
13.3) 1.15979
13.4) 1.1102
13.5) 1.05801
13.6) 1.00452
13.7) 0.95092
13.8) 0.89823
13.9) 0.84733
14.0) 0.79879
14.1) 0.75324
14.2) 0.71069
14.3) 0.67169
14.4) 0.63669
14.5) 0.60569
14.6) 0.57869
14.7) 0.55569
14.8) 0.53669
14.9) 0.52169
15.0) 0.51069
15.1) 0.50369
15.2) 0.50069
15.3) 0.50169
15.4) 0.50669
15.5) 0.51569
15.6) 0.52869
15.7) 0.54569
15.8) 0.56669
15.9) 0.59169
16.0) 0.62069
16.1) 0.65369
16.2) 0.69069
16.3) 0.73159
16.4) 0.77564
16.5) 0.82269
16.6) 0.87253
16.7) 0.92442
16.8) 0.97767
16.9) 1.03136
17.0) 1.08435
17.1) 1.1354
17.2) 1.18318
17.3) 1.22623
17.4) 1.26315
17.5) 1.29254
17.6) 1.31329
17.7) 1.32449
17.8) 1.32569
17.9) 1.31689
18.0) 1.29837
18.1) 1.27097
18.2) 1.23575
18.3) 1.19398
18.4) 1.14714
18.5) 1.09672
18.6) 1.04412
18.7) 0.99058
18.8) 0.93719
18.9) 0.88489
19.0) 0.83449
19.1) 0.78664
19.2) 0.74179
19.3) 0.7
19.4) 0.662
19.5) 0.628
19.6) 0.598
19.7) 0.572
19.8) 0.55
19.9) 0.532
20.0) 0.518
