0.0) 1.5
0.1) 1.49061
0.2) 1.46311
0.3) 1.41901
0.4) 1.36058
0.5) 1.2906
0.6) 1.21204
0.7) 1.12775
0.8) 1.04034
0.9) 0.95208
1.0) 0.86468
1.1) 0.77939
1.2) 0.69707
1.3) 0.61847
1.4) 0.54387
1.5) 0.47327
1.6) 0.40661
1.7) 0.34316
1.8) 0.28271
1.9) 0.22498
2.0) 0.16928
2.1) 0.1153
2.2) 0.06235
2.3) 0.01012
2.4) -0.04208
2.5) -0.09464
2.6) -0.14819
2.7) -0.2031
2.8) -0.26
2.9) -0.31926
3.0) -0.38151
3.1) -0.44679
3.2) -0.51579
3.3) -0.58879
3.4) -0.66579
3.5) -0.74673
3.6) -0.83088
3.7) -0.91758
3.8) -1.00567
3.9) -1.09366
4.0) -1.1795
4.1) -1.26068
4.2) -1.33441
4.3) -1.39772
4.4) -1.44776
4.5) -1.48197
4.6) -1.49854
4.7) -1.49639
4.8) -1.47569
4.9) -1.43769
5.0) -1.38438
5.1) -1.31836
5.2) -1.24259
5.3) -1.16005
5.4) -1.07339
5.5) -0.98504
5.6) -0.89691
5.7) -0.81047
5.8) -0.72682
5.9) -0.64653
6.0) -0.57023
6.1) -0.49793
6.2) -0.42963
6.3) -0.36488
6.4) -0.30313
6.5) -0.24428
6.6) -0.18758
6.7) -0.13282
6.8) -0.07927
6.9) -0.02662
7.0) 0.02588
7.1) 0.07853
7.2) 0.13208
7.3) 0.18684
7.4) 0.24354
7.5) 0.30239
7.6) 0.36414
7.7) 0.42889
7.8) 0.49709
7.9) 0.56929
8.0) 0.64549
8.1) 0.72568
8.2) 0.80923
8.3) 0.89557
8.4) 0.98368
8.5) 1.07203
8.6) 1.15877
8.7) 1.24159
8.8) 1.3177
8.9) 1.38412
9.0) 1.43783
9.1) 1.47623
9.2) 1.49732
9.3) 1.49977
9.4) 1.48343
9.5) 1.44934
9.6) 1.3994
9.7) 1.33612
9.8) 1.26239
9.9) 1.18121
10.0) 1.09537
10.1) 1.00729
10.2) 0.919
10.3) 0.8321
10.4) 0.74775
10.5) 0.66655
10.6) 0.58925
10.7) 0.51595
10.8) 0.44665
10.9) 0.38107
11.0) 0.31852
11.1) 0.25896
11.2) 0.20176
11.3) 0.14655
11.4) 0.0927
11.5) 0.03984
11.6) -0.01266
11.7) -0.06519
11.8) -0.11844
11.9) -0.17275
12.0) -0.22885
12.1) -0.28698
12.2) -0.34783
12.3) -0.41168
12.4) -0.47881
12.5) -0.54991
12.6) -0.62501
12.7) -0.70411
12.8) -0.78685
12.9) -0.8725
13.0) -0.96015
13.1) -1.04851
13.2) -1.13582
13.3) -1.21976
13.4) -1.29769
13.5) -1.36675
13.6) -1.42397
13.7) -1.4666
13.8) -1.49244
13.9) -1.50006
14.0) -1.48881
14.1) -1.45956
14.2) -1.41392
14.3) -1.3542
14.4) -1.28323
14.5) -1.20397
14.6) -1.11926
14.7) -1.03167
14.8) -0.94343
14.9) -0.85619
15.0) -0.77117
15.1) -0.68918
15.2) -0.61098
15.3) -0.53678
15.4) -0.46658
15.5) -0.40028
15.6) -0.33713
15.7) -0.27698
15.8) -0.21947
15.9) -0.16397
16.0) -0.11011
16.1) -0.05726
16.2) -0.00505
16.3) 0.04715
16.4) 0.0998
16.5) 0.15345
16.6) 0.20855
16.7) 0.26565
16.8) 0.3252
16.9) 0.38775
17.0) 0.45336
17.1) 0.52276
17.2) 0.59616
17.3) 0.67356
17.4) 0.75486
17.5) 0.83931
17.6) 0.9262
17.7) 1.01435
17.8) 1.10223
17.9) 1.18772
18.0) 1.26829
18.1) 1.34111
18.2) 1.40322
18.3) 1.45178
18.4) 1.48429
18.5) 1.49903
18.6) 1.49498
18.7) 1.47249
18.8) 1.43286
18.9) 1.37815
19.0) 1.31102
19.1) 1.23444
19.2) 1.15138
19.3) 1.06453
19.4) 0.97623
19.5) 0.88831
19.6) 0.80221
19.7) 0.71896
19.8) 0.63916
19.9) 0.56336
20.0) 0.49156
