0.0) 0.5
0.1) 0.50188
0.2) 0.5075
0.3) 0.5169
0.4) 0.53009
0.5) 0.54709
0.6) 0.56793
0.7) 0.5926
0.8) 0.62112
0.9) 0.65345
1.0) 0.68953
1.1) 0.72922
1.2) 0.7723
1.3) 0.81851
1.4) 0.8674
1.5) 0.91843
1.6) 0.97086
1.7) 1.02384
1.8) 1.07633
1.9) 1.1271
2.0) 1.17482
2.1) 1.21807
2.2) 1.25541
2.3) 1.28555
2.4) 1.30733
2.5) 1.31986
2.6) 1.32263
2.7) 1.31552
2.8) 1.29883
2.9) 1.27326
3.0) 1.23978
3.1) 1.19965
3.2) 1.15425
3.3) 1.10503
3.4) 1.05336
3.5) 1.00052
3.6) 0.94765
3.7) 0.89573
3.8) 0.84556
3.9) 0.79781
4.0) 0.75296
4.1) 0.71134
4.2) 0.67323
4.3) 0.63879
4.4) 0.60813
4.5) 0.58129
4.6) 0.55831
4.7) 0.53916
4.8) 0.52384
4.9) 0.51232
5.0) 0.50458
5.1) 0.5006
5.2) 0.50038
5.3) 0.5039
5.4) 0.51118
5.5) 0.52224
5.6) 0.53709
5.7) 0.55577
5.8) 0.5783
5.9) 0.60466
6.0) 0.63486
6.1) 0.66886
6.2) 0.70653
6.3) 0.74774
6.4) 0.79225
6.5) 0.83969
6.6) 0.88959
6.7) 0.94133
6.8) 0.99414
6.9) 1.04703
7.0) 1.09892
7.1) 1.14852
7.2) 1.19444
7.3) 1.23527
7.4) 1.26962
7.5) 1.29623
7.6) 1.31403
7.7) 1.32232
7.8) 1.32074
7.9) 1.30937
8.0) 1.28866
8.1) 1.25948
8.2) 1.2229
8.3) 1.18028
8.4) 1.13303
8.5) 1.08255
8.6) 1.03019
8.7) 0.97721
8.8) 0.92465
8.9) 0.87341
9.0) 0.82423
9.1) 0.7777
9.2) 0.73422
9.3) 0.69412
9.4) 0.6576
9.5) 0.62481
9.6) 0.59583
9.7) 0.57068
9.8) 0.54938
9.9) 0.53192
10.0) 0.51827
10.1) 0.50841
10.2) 0.50233
10.3) 0.50001
10.4) 0.50143
10.5) 0.50661
10.6) 0.51555
10.7) 0.52828
10.8) 0.54482
10.9) 0.56518
11.0) 0.58939
11.1) 0.61744
11.2) 0.64931
11.3) 0.68494
11.4) 0.72418
11.5) 0.76687
11.6) 0.81272
11.7) 0.86131
11.8) 0.91209
11.9) 0.96441
12.0) 1.01737
12.1) 1.06999
12.2) 1.12104
12.3) 1.16921
12.4) 1.21308
12.5) 1.25125
12.6) 1.28236
12.7) 1.30521
12.8) 1.3189
12.9) 1.32287
13.0) 1.31695
13.1) 1.30139
13.2) 1.27684
13.3) 1.24424
13.4) 1.20485
13.5) 1.16001
13.6) 1.11116
13.7) 1.05969
13.8) 1.00691
13.9) 0.954
14.0) 0.90191
14.1) 0.85151
14.2) 0.80343
14.3) 0.75818
14.4) 0.71614
14.5) 0.67758
14.6) 0.64268
14.7) 0.61155
14.8) 0.58425
14.9) 0.5608
15.0) 0.54118
15.1) 0.52539
15.2) 0.5134
15.3) 0.5052
15.4) 0.50076
15.5) 0.50008
15.6) 0.50316
15.7) 0.50998
15.8) 0.52057
15.9) 0.53496
16.0) 0.55317
16.1) 0.57522
16.2) 0.60111
16.3) 0.63085
16.4) 0.66437
16.5) 0.70161
16.6) 0.7424
16.7) 0.78651
16.8) 0.83361
16.9) 0.88324
17.0) 0.93481
17.1) 0.98755
17.2) 1.0405
17.3) 1.0926
17.4) 1.14257
17.5) 1.18903
17.6) 1.23058
17.7) 1.26581
17.8) 1.29344
17.9) 1.31237
18.0) 1.32187
18.1) 1.32152
18.2) 1.31134
18.3) 1.29175
18.4) 1.26355
18.5) 1.22783
18.6) 1.18587
18.7) 1.13911
18.8) 1.08895
18.9) 1.03675
19.0) 0.98379
19.1) 0.9311
19.2) 0.87964
19.3) 0.83016
19.4) 0.78326
19.5) 0.73937
19.6) 0.69882
19.7) 0.66184
19.8) 0.62857
19.9) 0.59911
20.0) 0.57348
