0.0) 1.5
0.1) 1.49063
0.2) 1.46277
0.34) 1.41799
0.4) 1.35867
0.5) 1.28769
0.6) 1.20812
0.7) 1.12293
0.8) 1.03477
0.9) 0.94586
1.0) 0.85794
1.1) 0.77229
1.2) 0.68976
1.3) 0.61085
1.4) 0.53577
1.5) 0.46451
1.6) 0.39689
1.7) 0.33261
1.8) 0.27128
1.9) 0.21246
2.0) 0.15566
2.1) 0.10038
2.2) 0.04609
2.3) -0.00775
2.4) -0.06167
2.5) -0.1162
2.6) -0.17188
2.7) -0.22922
2.8) -0.28873
2.9) -0.35088
3.0) -0.4161
3.1) -0.48476
3.2) -0.55713
3.3) -0.63334
3.4) -0.71334
3.5) -0.79685
3.6) -0.88328
3.7) -0.97166
3.8) -1.06059
3.9) -1.1482
4.0) -1.23215
4.1) -1.30968
4.2) -1.37777
4.3) -1.43338
4.4) -1.47371
4.5) -1.49656
4.6) -1.50061
4.7) -1.48561
4.8) -1.45241
4.9) -1.40285
5.0) -1.33952
5.1) -1.2654
5.2) -1.18357
5.3) -1.09693
5.4) -1.00803
5.5) -0.91896
5.6) -0.83132
5.7) -0.74625
5.8) -0.66449
5.9) -0.58644
6.0) -0.51224
6.1) -0.44182
6.2) -0.37495
6.3) -0.31129
6.4) -0.25044
6.5) -0.19193
6.6) -0.13527
6.7) -0.07993
6.8) -0.02538
6.9) 0.02892
7.0) 0.08351
7.1) 0.13893
7.2) 0.19571
7.3) 0.25437
7.4) 0.3154
7.5) 0.37927
7.6) 0.44638
7.7) 0.51706
7.8) 0.59153
7.9) 0.66984
8.0) 0.75185
8.1) 0.83713
8.2) 0.92493
8.3) 1.01407
8.4) 1.10293
8.5) 1.18941
8.6) 1.27093
8.7) 1.34459
8.8) 1.4073
8.9) 1.45607
9.0) 1.48835
9.1) 1.50231
9.2) 1.49712
9.3) 1.47308
9.4) 1.43154
9.5) 1.37476
9.6) 1.30557
9.7) 1.22705
9.8) 1.14225
9.9) 1.05392
10.0) 0.9644
10.1) 0.87555
10.2) 0.78875
10.3) 0.70493
10.4) 0.62466
10.5) 0.5482
10.6) 0.47558
10.7) 0.40663
10.8) 0.34107
10.9) 0.27852
11.0) 0.21853
11.1) 0.16062
11.2) 0.10427
11.3) 0.04895
11.4) -0.00589
11.5) -0.06079
11.6) -0.11629
11.7) -0.17294
11.8) -0.23126
11.9) -0.29177
12.0) -0.35494
12.1) -0.42121
12.2) -0.49094
12.3) -0.5644
12.4) -0.6417
12.5) -0.72278
12.6) -0.80732
12.7) -0.89468
12.8) -0.98383
12.9) -1.07331
13.0) -1.16116
13.1) -1.24495
13.2) -1.32186
13.3) -1.38882
13.4) -1.44276
13.5) -1.48092
13.6) -1.5012
13.7) -1.5024
13.8) -1.48444
13.9) -1.44835
14.0) -1.39612
14.1) -1.33044
14.2) -1.25437
14.3) -1.17102
14.4) -1.08326
14.5) -0.99359
14.6) -0.90404
14.7) -0.81614
14.8) -0.73097
14.9) -0.64921
15.0) -0.57121
15.1) -0.49706
15.2) -0.42665
15.3) -0.35972
15.4) -0.29592
15.5) -0.23482
15.6) -0.17593
15.7) -0.11874
15.8) -0.06272
15.9) -0.00732
16.0) 0.04801
16.1) 0.10382
16.2) 0.16066
16.3) 0.21906
16.4) 0.27954
16.5) 0.34259
16.6) 0.40866
16.7) 0.47813
16.8) 0.55129
16.9) 0.62829
17.0) 0.70909
17.1) 0.79342
17.2) 0.8807
17.3) 0.96996
17.4) 1.05981
17.5) 1.14836
17.6) 1.23323
17.7) 1.31165
17.8) 1.38055
17.9) 1.43683
18.0) 1.47766
18.1) 1.50078
18.2) 1.50486
18.3) 1.48963
18.4) 1.45597
18.5) 1.40576
18.6) 1.34163
18.7) 1.26661
18.8) 1.18383
18.9) 1.09624
19.0) 1.00641
19.1) 0.91644
19.2) 0.82793
19.3) 0.74203
19.4) 0.65947
19.5) 0.58064
19.6) 0.50566
19.7) 0.43444
19.8) 0.36674
19.9) 0.30221
20.0) 0.24042
