0.0) 1.5
0.1) 1.49067
0.2) 1.46321
0.3) 1.41912
0.4) 1.36068
0.5) 1.29067
0.6) 1.21206
0.7) 1.12774
0.8) 1.04032
0.9) 0.952
1.0) 0.86454
1.1) 0.77923
1.2) 0.69695
1.3) 0.61823
1.4) 0.54331
1.5) 0.4722
1.6) 0.40475
1.7) 0.34068
1.8) 0.27962
1.9) 0.22113
2.0) 0.16474
2.1) 0.10995
2.2) 0.05625
2.3) 0.00311
2.4) -0.05
2.5) -0.10361
2.6) -0.15824
2.7) -0.21442
2.8) -0.27264
2.9) -0.33338
3.0) -0.39708
3.1) -0.46412
3.2) -0.53479
3.3) -0.60926
3.4) -0.68755
3.5) -0.76944
3.6) -0.85444
3.7) -0.94171
3.8) -1.03001
3.9) -1.11764
4.0) -1.20245
4.1) -1.28187
4.2) -1.35304
4.3) -1.41298
4.4) -1.45888
4.5) -1.48838
4.6) -1.49987
4.7) -1.49271
4.8) -1.4673
4.9) -1.42504
5.0) -1.36814
5.1) -1.29933
5.2) -1.22157
5.3) -1.13778
5.4) -1.0506
5.5) -0.96229
5.6) -0.87466
5.7) -0.78905
5.8) -0.70638
5.9) -0.62723
6.0) -0.55186
6.1) -0.48032
6.2) -0.41246
6.3) -0.34802
6.4) -0.28663
6.5) -0.22787
6.6) -0.17126
6.7) -0.11632
6.8) -0.06252
6.9) -0.00935
7.0) 0.04373
7.1) 0.09725
7.2) 0.15173
7.3) 0.20769
7.4) 0.26564
7.5) 0.32605
7.6) 0.38937
7.7) 0.45599
7.8) 0.52621
7.9) 0.60022
8.0) 0.67806
8.1) 0.75954
8.2) 0.8442
8.3) 0.93126
8.4) 1.01952
8.5) 1.10733
8.6) 1.1926
8.7) 1.27281
8.8) 1.34512
8.9) 1.40655
9.0) 1.45425
9.1) 1.4858
9.2) 1.49949
9.3) 1.49455
9.4) 1.47125
9.5) 1.43089
9.6) 1.37559
9.7) 1.30804
9.8) 1.23119
9.9) 1.14796
10.0) 1.06105
10.1) 0.97277
10.2) 0.88497
10.3) 0.79906
10.4) 0.716
10.5) 0.63641
10.6) 0.56058
10.7) 0.48858
10.8) 0.42029
10.9) 0.35546
11.0) 0.29373
11.1) 0.23468
11.2) 0.17784
11.3) 0.12272
11.4) 0.06881
11.5) 0.01558
11.6) -0.03749
11.7) -0.09093
11.8) -0.14527
11.9) -0.20104
12.0) -0.25873
12.1) -0.31883
12.2) -0.38179
12.3) -0.44801
12.4) -0.5178
12.5) -0.59137
12.6) -0.66877
12.7) -0.74984
12.8) -0.83417
12.9) -0.921
13.0) -1.00919
13.1) -1.09716
13.2) -1.18285
13.3) -1.26379
13.4) -1.33717
13.5) -1.40002
13.6) -1.44946
13.7) -1.483
13.8) -1.49883
13.9) -1.49607
14.0) -1.47487
14.1) -1.43641
14.2) -1.38273
14.3) -1.31646
14.4) -1.24054
14.5) -1.15792
14.6) -1.07132
14.7) -0.9831
14.8) -0.89517
14.9) -0.80898
15.0) -0.72556
15.1) -0.64555
15.2) -0.56928
15.3) -0.49684
15.4) -0.42814
15.5) -0.36292
15.6) -0.30085
15.7) -0.24151
15.8) -0.18444
15.9) -0.12915
16.0) -0.07513
16.1) -0.02186
16.2) 0.03119
16.3) 0.08455
16.4) 0.13875
16.5) 0.19431
16.6) 0.25174
16.7) 0.31153
16.8) 0.37413
16.9) 0.43994
17.0) 0.50929
17.1) 0.5824
17.2) 0.65934
17.3) 0.73999
17.4) 0.82396
17.5) 0.91054
17.6) 0.99864
17.7) 1.08673
17.8) 1.17281
17.9) 1.25446
18.0) 1.3289
18.1) 1.39316
18.2) 1.44434
18.3) 1.47989
18.4) 1.4979
18.5) 1.49737
18.6) 1.47833
18.7) 1.44184
18.8) 1.38985
18.9) 1.32494
19.0) 1.25002
19.1) 1.16805
19.2) 1.08179
19.3) 0.99365
19.4) 0.9056
19.5) 0.81914
19.6) 0.73535
19.7) 0.65491
19.8) 0.57819
19.9) 0.5053
20.0) 0.43616
